56.650	57.650	-0.655	115.119	21.571	174.782	55.786	15.766	0.300	79.008	-30.018	67.233	63.302	-6.528	32.692	74.573	-19.939	94.177
56.604	57.615	-1.971	115.423	23.488	175.668	55.766	15.824	-0.020	79.146	-29.198	67.004	63.307	-6.502	32.692	74.376	-20.098	94.093
56.545	57.579	-3.315	115.758	25.380	176.508	55.740	15.880	-0.340	79.317	-28.395	66.802	63.332	-6.424	32.669	74.242	-20.205	94.042
56.505	57.488	-4.587	115.963	27.227	177.157	55.710	15.928	-0.648	79.497	-27.623	66.651	63.332	-6.350	32.677	74.135	-20.317	93.920
56.459	57.386	-5.832	116.172	29.005	177.682	55.672	15.969	-0.945	79.691	-26.880	66.539	63.340	-6.309	32.682	73.980	-20.451	93.795
56.408	57.259	-7.051	116.320	30.771	178.103	55.629	15.999	-1.232	79.890	-26.162	66.453	63.348	-6.253	32.675	73.833	-20.561	93.677
56.358	57.114	-8.263	116.470	32.522	178.433	55.583	16.010	-1.527	80.080	-25.457	66.421	63.368	-6.175	32.654	73.707	-20.648	93.602
56.302	56.952	-9.421	116.526	34.223	178.590	55.532	16.022	-1.796	80.311	-24.786	66.366	63.381	-6.116	32.642	73.547	-20.704	93.495
56.266	56.759	-10.505	116.451	35.891	178.571	55.474	16.030	-2.065	80.546	-24.133	66.336	63.401	-6.040	32.609	73.406	-20.733	93.436
56.203	56.581	-11.582	116.400	37.515	178.467	55.410	16.035	-2.322	80.809	-23.506	66.274	63.414	-5.977	32.596	73.256	-20.755	93.353
56.154	56.352	-12.670	116.269	39.159	178.314	55.347	16.025	-2.583	81.049	-22.900	66.208	63.434	-5.916	32.573	73.133	-20.755	93.303
56.065	56.157	-13.693	116.161	40.740	178.008	55.270	16.022	-2.832	81.334	-22.319	66.094	63.452	-5.827	32.545	73.029	-20.731	93.265
56.053	55.885	-14.638	115.870	42.276	177.534	55.199	15.999	-3.063	81.597	-21.772	65.944	63.447	-5.771	32.542	72.902	-20.709	93.192
56.004	55.616	-15.585	115.647	43.793	177.048	55.126	15.977	-3.294	81.860	-21.258	65.770	63.457	-5.718	32.532	72.768	-20.650	93.169
55.944	55.357	-16.487	115.426	45.295	176.422	55.049	15.949	-3.518	82.122	-20.752	65.556	63.467	-5.629	32.509	72.709	-20.560	93.170
55.898	55.070	-17.343	115.185	46.723	175.714	54.973	15.908	-3.741	82.372	-20.271	65.310	63.475	-5.593	32.487	72.586	-20.491	93.171
55.811	54.798	-18.197	115.050	48.154	174.984	54.892	15.878	-3.952	82.658	-19.820	65.015	63.490	-5.519	32.461	72.492	-20.362	93.217
55.743	54.493	-19.014	114.916	49.531	174.168	54.811	15.842	-4.155	82.963	-19.387	64.662	63.508	-5.453	32.433	72.422	-20.228	93.273
55.672	54.178	-19.802	114.809	50.861	173.305	54.729	15.791	-4.364	83.263	-18.961	64.275	63.518	-5.397	32.410	72.339	-20.092	93.349
55.601	53.866	-20.521	114.677	52.156	172.275	54.648	15.748	-4.554	83.597	-18.558	63.841	63.533	-5.316	32.388	72.296	-19.950	93.435
55.512	53.536	-21.252	114.749	53.374	171.364	54.569	15.690	-4.737	83.932	-18.175	63.358	63.525	-5.276	32.388	72.229	-19.806	93.511
55.435	53.185	-21.935	114.786	54.581	170.310	54.488	15.631	-4.917	84.271	-17.795	62.878	63.543	-5.217	32.349	72.158	-19.652	93.660
55.331	52.862	-22.560	114.908	55.709	169.160	54.407	15.575	-5.098	84.624	-17.427	62.392	63.551	-5.154	32.327	72.100	-19.472	93.809
55.235	52.527	-23.152	115.068	56.829	167.925	54.326	15.509	-5.271	84.978	-17.083	61.898	63.548	-5.090	32.329	72.054	-19.312	93.910
55.126	52.189	-23.729	115.286	57.891	166.589	54.244	15.458	-5.438	85.343	-16.742	61.423	63.561	-5.017	32.301	72.004	-19.160	94.064
54.999	51.844	-24.293	115.604	58.909	165.210	54.166	15.392	-5.601	85.685	-16.421	60.942	63.563	-4.958	32.309	71.963	-19.034	94.144
54.884	51.486	-24.793	115.891	59.936	163.644	54.092	15.316	-5.751	85.998	-16.118	60.471	63.569	-4.902	32.288	71.919	-18.919	94.219
54.775	51.097	-25.298	116.240	60.940	162.051	54.016	15.245	-5.898	86.304	-15.840	60.011	63.574	-4.864	32.263	71.855	-18.853	94.260
54.656	50.719	-25.766	116.616	61.894	160.304	53.939	15.179	-6.032	86.613	-15.583	59.535	63.579	-4.780	32.253	71.842	-18.760	94.240
54.529	50.335	-26.213	117.052	62.848	158.476	53.866	15.103	-6.165	86.886	-15.353	59.073	63.576	-4.714	32.255	71.809	-18.689	94.190
54.366	49.974	-26.660	117.660	63.775	156.640	53.790	15.032	-6.292	87.162	-15.152	58.608	63.584	-4.674	32.233	71.723	-18.669	94.164
54.242	49.599	-27.015	118.079	64.684	154.511	53.718	14.953	-6.396	87.415	-14.985	58.120	63.576	-4.602	32.240	71.654	-18.622	94.087
54.099	49.185	-27.419	118.718	65.652	152.511	53.645	14.882	-6.505	87.688	-14.821	57.645	63.586	-4.542	32.225	71.580	-18.591	94.021
53.972	48.788	-27.755	119.257	66.576	150.271	53.574	14.798	-6.596	87.951	-14.687	57.147	63.589	-4.521	32.217	71.470	-18.593	93.951
53.833	48.384	-28.087	119.919	67.515	148.050	53.497	14.724	-6.678	88.239	-14.582	56.659	63.586	-4.458	32.225	71.393	-18.587	93.867
53.711	47.973	-28.395	120.584	68.502	145.736	53.419	14.643	-6.772	88.513	-14.484	56.217	63.597	-4.392	32.212	71.315	-18.573	93.817
53.609	47.541	-28.677	121.316	69.513	143.442	53.345	14.562	-6.828	88.818	-14.418	55.722	63.597	-4.379	32.217	71.192	-18.586	93.770
53.505	47.122	-28.926	122.044	70.507	141.053	53.266	14.478	-6.891	89.117	-14.382	55.276	63.609	-4.303	32.210	71.152	-18.578	93.743
53.403	46.680	-29.205	123.048	71.538	138.957	53.190	14.397	-6.934	89.426	-14.366	54.817	63.607	-4.265	32.222	71.084	-18.600	93.736
53.330	46.243	-29.413	123.973	72.574	136.727	53.109	14.308	-6.980	89.729	-14.389	54.401	63.612	-4.216	32.220	71.030	-18.597	93.751
53.266	45.827	-29.586	124.953	73.584	134.543	53.033	14.224	-7.005	90.041	-14.436	53.980	63.607	-4.163	32.240	71.000	-18.573	93.761
53.210	45.390	-29.782	126.277	74.593	132.735	52.954	14.140	-7.031	90.353	-14.512	53.614	63.607	-4.120	32.253	70.976	-18.563	93.796
53.160	44.983	-29.916	127.676	75.608	130.973	52.873	14.049	-7.041	90.649	-14.613	53.280	63.609	-4.067	32.261	70.954	-18.551	93.837
53.147	44.557	-30.025	129.069	76.612	129.263	52.791	13.957	-7.056	90.951	-14.736	53.012	63.617	-4.044	32.263	70.920	-18.559	93.911
53.132	44.158	-30.135	130.829	77.595	127.927	52.708	13.866	-7.054	91.269	-14.881	52.781	63.624	-4.016	32.276	70.894	-18.561	93.991
53.139	43.749	-30.211	132.787	78.561	126.860	52.626	13.774	-7.033	91.607	-15.033	52.597	63.619	-3.998	32.288	70.854	-18.558	94.069
53.152	43.373	-30.274	135.001	79.462	126.104	52.542	13.678	-7.018	91.930	-15.197	52.501	63.630	-3.952	32.286	70.841	-18.542	94.155
53.200	43.000	-30.279	137.267	80.364	125.486	52.459	13.576	-6.988	92.245	-15.347	52.479	63.627	-3.919	32.311	70.832	-18.531	94.245
53.251	42.619	-30.307	140.312	81.233	125.726	52.370	13.482	-6.970	92.556	-15.480	52.576	63.624	-3.907	32.327	70.785	-18.525	94.349
53.322	42.255	-30.312	143.881	82.037	126.605	52.281	13.391	-6.932	92.881	-15.596	52.736	63.627	-3.876	32.339	70.744	-18.502	94.459
53.401	41.930	-30.274	147.723	82.778	127.835	52.192	13.289	-6.883	93.193	-15.700	52.956	63.627	-3.833	32.357	70.732	-18.479	94.555
53.485	41.605	-30.241	152.492	83.448	130.075	52.103	13.188	-6.843	93.509	-15.790	53.268	63.624	-3.835	32.380	70.689	-18.504	94.656
53.571	41.326	-30.175	158.208	84.071	133.297	52.012	13.096	-6.792	93.871	-15.895	53.646	63.624	-3.797	32.405	70.683	-18.475	94.752
53.696	41.024	-30.091	165.364	84.593	138.118	51.920	12.997	-6.736	94.223	-15.985	54.053	63.624	-3.795	32.423	70.634	-18.515	94.863
53.830	40.754	-29.957	173.102	85.007	143.635	51.834	12.893	-6.665	94.548	-16.102	54.445	63.619	-3.774	32.449	70.613	-18.532	94.953
53.955	40.488	-29.878	-177.507	85.231	150.915	51.747	12.786	-6.601	94.837	-16.242	54.820	63.624	-3.782	32.461	70.550	-18.584	95.064
54.107	40.249	-29.726	-168.103	85.401	158.314	51.664	12.680	-6.525	95.097	-16.389	55.149	63.619	-3.764	32.489	70.527	-18.617	95.142
54.244	40.035	-29.586	-158.109	85.394	166.392	51.582	12.591	-6.444	95.357	-16.570	55.439	63.617	-3.752	32.507	70.490	-18.637	95.246
54.399	39.820	-29.461	-148.540	85.252	174.193	51.506	12.502	-6.358	95.586	-16.762	55.693	63.617	-3.764	32.525	70.430	-18.700	95.367
54.554	39.639	-29.294	-139.631	85.052	-178.556	51.432	12.413	-6.274	95.769	-16.987	55.913	63.617	-3.749	32.548	70.408	-18.712	95.465
54.727	39.461	-29.131	-131.134	84.770	-171.542	51.369	12.334	-6.177	95.932	-17.229	56.073	63.604	-3.729	32.593	70.429	-18.748	95.559
54.902	39.309	-28.976	-123.699	84.478	-165.491	51.308	12.258	-6.088	96.061	-17.471	56.208	63.607	-3.736	32.614	70.415	-18.786	95.696
55.075	39.182	-28.809	-116.770	84.184	-159.835	51.252	12.195	-5.999	96.170	-17.725	56.327	63.602	-3.739	32.644	70.435	-18.833	95.820
55.237	39.096	-28.649	-110.349	83.940	-154.617	51.209	12.134	-5.908	96.241	-17.962	56.419	63.597	-3.757	32.672	70.425	-18.879	95.958
55.453	38.956	-28.484	-103.801	83.680	-149.088	51.171	12.078	-5.822	96.293	-18.186	56.498	63.599	-3.752	32.687	70.480	-18.893	96.092
55.649	38.854	-28.336	-97.405	83.438	-143.674	51.138	12.035	-5.735	96.334	-18.391	56.572	63.607	-3.764	32.685	70.503	-18.925	96.270
55.844	38.801	-28.164	-91.029	83.285	-138.253	51.115	11.994	-5.649	96.343	-18.572	56.628	63.602	-3.792	32.705	70.524	-18.953	96.416
56.060	38.722	-28.029	-84.589	83.047	-132.686	51.095	11.971	-5.585	96.342	-18.742	56.713	63.599	-3.818	32.720	70.570	-18.977	96.567
56.274	38.664	-27.884	-78.195	82.846	-127.134	51.082	11.948	-5.509	96.315	-18.898	56.746	63.589	-3.833	32.743	70.646	-19.001	96.698
56.487	38.628	-27.755	-72.081	82.632	-121.889	51.074	11.935	-5.441	96.286	-19.048	56.763	63.584	-3.861	32.758	70.704	-19.013	96.876
56.713	38.595	-27.622	-65.847	82.371	-116.500	51.069	11.930	-5.387	96.249	-19.180	56.774	63.581	-3.876	32.774	70.794	-19.008	97.052
56.939	38.570	-27.501	-60.088	82.096	-111.601	51.067	11.935	-5.334	96.215	-19.298	56.734	63.571	-3.899	32.786	70.854	-18.985	97.242
57.188	38.542	-27.369	-54.616	81.764	-106.975	51.069	11.946	-5.276	96.181	-19.416	56.652	63.558	-3.919	32.814	70.940	-18.974	97.420
57.442	38.519	-27.236	-49.488	81.408	-102.683	51.074	11.956	-5.227	96.138	-19.523	56.536	63.551	-3.957	32.819	70.988	-18.952	97.630
57.709	38.489	-27.125	-44.957	80.996	-98.966	51.084	11.966	-5.182	96.079	-19.624	56.395	63.543	-3.980	32.835	71.063	-18.918	97.835
57.981	38.481	-26.993	-40.718	80.610	-95.505	51.095	11.991	-5.131	96.030	-19.720	56.226	63.528	-3.995	32.863	71.127	-18.874	98.027
58.247	38.494	-26.871	-36.831	80.235	-92.370	51.107	12.014	-5.100	95.946	-19.821	56.056	63.515	-4.049	32.873	71.154	-18.849	98.228
58.506	38.517	-26.767	-33.365	79.883	-89.611	51.123	12.047	-5.060	95.863	-19.919	55.860	63.515	-4.064	32.888	71.235	-18.788	98.441
58.793	38.534	-26.627	-29.857	79.491	-86.686	51.140	12.083	-5.019	95.758	-20.001	55.682	63.495	-4.089	32.926	71.305	-18.747	98.598
59.080	38.560	-26.518	-26.681	79.151	-84.048	51.168	12.113	-4.978	95.629	-20.079	55.527	63.482	-4.125	32.931	71.338	-18.680	98.804
59.367	38.583	-26.408	-23.682	78.807	-81.546	51.194	12.151	-4.948	95.495	-20.150	55.428	63.480	-4.138	32.939	71.418	-18.616	98.993
59.642	38.621	-26.330	-20.991	78.500	-79.371	51.224	12.192	-4.920	95.351	-20.207	55.357	63.475	-4.188	32.936	71.448	-18.589	99.178
59.947	38.659	-26.200	-18.146	78.154	-77.003	51.257	12.235	-4.895	95.196	-20.261	55.309	63.462	-4.227	32.946	71.480	-18.523	99.254
60.223	38.712	-26.111	-15.633	77.826	-74.989	51.298	12.276	-4.867	95.027	-20.331	55.260	63.454	-4.247	32.954	71.566	-18.498	99.257
60.521	38.768	-26.015	-13.374	77.466	-73.244	51.341	12.324	-4.849	94.865	-20.381	55.223	63.444	-4.272	32.946	71.615	-18.480	99.193
60.813	38.844	-25.893	-11.115	77.095	-71.489	51.384	12.377	-4.823	94.720	-20.447	55.162	63.419	-4.313	32.972	71.634	-18.515	99.072
61.105	38.895	-25.827	-9.296	76.818	-70.147	51.430	12.428	-4.806	94.552	-20.511	55.088	63.409	-4.333	32.964	71.666	-18.549	98.973
61.402	38.956	-25.738	-7.495	76.481	-68.798	51.481	12.482	-4.790	94.393	-20.577	54.994	63.398	-4.374	32.962	71.657	-18.587	98.902
61.714	39.017	-25.603	-5.709	76.131	-67.419	51.537	12.530	-4.778	94.217	-20.656	54.881	63.388	-4.409	32.962	71.642	-18.645	98.852
62.014	39.070	-25.522	-4.257	75.819	-66.303	51.590	12.603	-4.775	94.072	-20.730	54.764	63.386	-4.425	32.956	71.631	-18.681	98.813
62.309	39.141	-25.448	-2.918	75.537	-65.288	51.648	12.667	-4.763	93.902	-20.809	54.609	63.383	-4.453	32.946	71.617	-18.720	98.774
62.586	39.258	-25.342	-1.405	75.240	-64.094	51.712	12.733	-4.752	93.723	-20.895	54.451	63.381	-4.475	32.929	71.621	-18.747	98.715
62.890	39.329	-25.230	-0.241	74.934	-63.162	51.775	12.809	-4.752	93.532	-20.970	54.296	63.378	-4.501	32.923	71.633	-18.792	98.649
63.180	39.413	-25.133	0.811	74.649	-62.306	51.841	12.896	-4.750	93.352	-21.047	54.124	63.373	-4.547	32.908	71.627	-18.857	98.585
63.444	39.545	-25.037	1.868	74.397	-61.464	51.913	12.979	-4.740	93.148	-21.139	53.945	63.355	-4.602	32.916	71.598	-18.953	98.485
63.731	39.647	-24.910	2.840	74.102	-60.632	51.981	13.073	-4.735	92.948	-21.219	53.764	63.350	-4.608	32.896	71.610	-19.024	98.397
63.985	39.761	-24.844	3.466	73.901	-60.184	52.055	13.162	-4.735	92.718	-21.292	53.601	63.340	-4.630	32.898	71.619	-19.122	98.286
64.257	39.893	-24.724	4.263	73.663	-59.547	52.133	13.259	-4.729	92.498	-21.363	53.415	63.335	-4.663	32.888	71.621	-19.209	98.158
64.519	39.997	-24.656	4.748	73.498	-59.192	52.210	13.363	-4.732	92.276	-21.418	53.248	63.317	-4.709	32.888	71.610	-19.318	97.985
64.780	40.119	-24.554	5.261	73.320	-58.820	52.288	13.472	-4.722	92.065	-21.477	53.069	63.302	-4.740	32.888	71.592	-19.443	97.780
65.009	40.287	-24.437	5.958	73.165	-58.340	52.370	13.576	-4.722	91.836	-21.517	52.904	63.309	-4.752	32.842	71.597	-19.529	97.608
65.258	40.416	-24.343	6.569	73.060	-57.910	52.454	13.691	-4.719	91.622	-21.555	52.730	63.287	-4.790	32.850	71.563	-19.674	97.339
65.502	40.556	-24.237	7.237	72.973	-57.452	52.537	13.805	-4.722	91.408	-21.574	52.562	63.289	-4.818	32.814	71.515	-19.780	97.151
65.768	40.681	-24.092	8.013	72.845	-56.853	52.626	13.914	-4.709	91.198	-21.590	52.356	63.264	-4.854	32.817	71.483	-19.903	96.844
65.964	40.891	-23.985	8.944	72.815	-56.225	52.713	14.031	-4.712	90.987	-21.596	52.183	63.251	-4.892	32.812	71.444	-20.026	96.554
66.180	41.079	-23.833	9.974	72.720	-55.444	52.802	14.158	-4.712	90.796	-21.593	51.995	63.246	-4.902	32.786	71.426	-20.125	96.304
66.368	41.293	-23.731	11.063	72.704	-54.606	52.890	14.282	-4.699	90.605	-21.600	51.774	63.226	-4.943	32.774	71.369	-20.260	96.019
66.584	41.463	-23.609	12.133	72.686	-53.721	52.987	14.397	-4.699	90.380	-21.599	51.560	63.210	-4.999	32.753	71.315	-20.394	95.750
66.784	41.666	-23.467	13.586	72.647	-52.425	53.078	14.519	-4.694	90.176	-21.606	51.315	63.200	-5.019	32.738	71.315	-20.507	95.474
66.947	41.895	-23.358	15.113	72.673	-51.061	53.172	14.651	-4.686	89.955	-21.626	51.051	63.190	-5.052	32.715	71.293	-20.657	95.200
67.117	42.139	-23.200	16.917	72.644	-49.358	53.269	14.778	-4.681	89.721	-21.655	50.771	63.175	-5.103	32.703	71.262	-20.798	94.913
67.241	42.408	-23.038	18.964	72.624	-47.395	53.368	14.902	-4.674	89.462	-21.710	50.474	63.165	-5.123	32.685	71.280	-20.907	94.620
67.384	42.697	-22.857	21.127	72.613	-45.250	53.470	15.037	-4.661	89.196	-21.784	50.172	63.152	-5.184	32.664	71.251	-21.033	94.344
67.523	42.956	-22.687	23.506	72.595	-42.800	53.574	15.161	-4.641	88.883	-21.880	49.875	63.129	-5.222	32.667	71.285	-21.165	94.024
67.612	43.289	-22.469	26.096	72.539	-40.148	53.685	15.291	-4.618	88.539	-22.006	49.581	63.109	-5.243	32.664	71.340	-21.272	93.718
67.696	43.609	-22.301	28.762	72.551	-37.343	53.790	15.431	-4.592	88.196	-22.144	49.300	63.101	-5.286	32.634	71.366	-21.379	93.468
67.780	43.932	-22.088	31.499	72.511	-34.437	53.904	15.555	-4.562	87.797	-22.305	49.038	63.091	-5.329	32.616	71.372	-21.482	93.217
67.836	44.313	-21.829	34.352	72.412	-31.453	54.018	15.692	-4.521	87.402	-22.489	48.791	63.071	-5.395	32.616	71.349	-21.617	92.950
67.897	44.666	-21.603	37.168	72.325	-28.457	54.135	15.829	-4.483	86.983	-22.687	48.608	63.063	-5.446	32.601	71.324	-21.712	92.728
67.978	45.009	-21.331	39.888	72.181	-25.537	54.259	15.951	-4.435	86.527	-22.899	48.465	63.050	-5.479	32.596	71.304	-21.794	92.509
68.021	45.369	-21.029	42.689	71.975	-22.594	54.381	16.081	-4.379	86.075	-23.119	48.371	63.045	-5.509	32.575	71.302	-21.871	92.330
68.062	45.748	-20.737	45.513	71.768	-19.722	54.508	16.205	-4.313	85.620	-23.368	48.313	63.040	-5.565	32.550	71.264	-21.958	92.188
68.120	46.116	-20.406	48.175	71.444	-17.009	54.635	16.327	-4.239	85.156	-23.625	48.305	63.022	-5.631	32.545	71.243	-22.067	92.025
68.171	46.472	-20.051	50.701	71.090	-14.491	54.765	16.439	-4.155	84.684	-23.896	48.309	63.015	-5.705	32.532	71.203	-22.137	91.903
68.199	46.878	-19.652	53.117	70.655	-12.161	54.892	16.556	-4.061	84.234	-24.190	48.328	63.007	-5.751	32.517	71.227	-22.219	91.766
68.229	47.277	-19.263	55.464	70.192	-9.909	55.019	16.665	-3.962	83.786	-24.488	48.343	63.007	-5.824	32.479	71.192	-22.265	91.667
68.268	47.694	-18.750	57.560	69.532	-7.897	55.146	16.764	-3.840	83.345	-24.790	48.332	62.989	-5.850	32.487	71.263	-22.303	91.501
68.268	48.120	-18.326	59.761	68.908	-5.837	55.268	16.858	-3.726	82.913	-25.097	48.337	62.982	-5.913	32.474	71.322	-22.362	91.351
68.306	48.511	-17.856	61.708	68.165	-3.913	55.382	16.957	-3.594	82.513	-25.403	48.363	62.982	-5.969	32.443	71.356	-22.368	91.232
68.329	48.936	-17.343	63.635	67.279	-2.054	55.494	17.054	-3.452	82.120	-25.708	48.435	62.969	-6.035	32.436	71.407	-22.421	91.088
68.326	49.398	-16.774	65.532	66.236	-0.193	55.601	17.132	-3.305	81.723	-26.005	48.545	62.967	-6.091	32.410	71.454	-22.426	90.963
68.351	49.835	-16.190	67.264	65.029	1.623	55.700	17.216	-3.137	81.357	-26.313	48.706	62.959	-6.152	32.390	71.496	-22.442	90.870
68.339	50.297	-15.593	69.002	63.738	3.490	55.791	17.295	-2.962	80.999	-26.628	48.924	62.949	-6.195	32.395	71.574	-22.406	90.745
68.356	50.744	-14.981	70.656	62.274	5.524	55.877	17.363	-2.784	80.649	-26.921	49.206	62.941	-6.243	32.382	71.639	-22.371	90.666
68.339	51.168	-14.285	73.045	61.069	7.933	55.949	17.440	-2.586	80.337	-27.246	49.531	62.944	-6.302	32.360	71.681	-22.342	90.625
68.321	51.526	-13.569	74.734	59.801	10.319	56.020	17.488	-2.398	79.996	-27.555	49.931	62.944	-6.368	32.342	71.716	-22.291	90.593
68.356	51.910	-12.893	75.296	58.274	11.853	56.076	17.544	-2.195	79.694	-27.882	50.373	62.941	-6.426	32.329	71.775	-22.237	90.553
68.433	52.253	-12.144	75.945	56.192	13.118	56.126	17.590	-1.979	79.407	-28.245	50.838	62.936	-6.487	32.322	71.845	-22.181	90.504
68.417	52.743	-11.318	77.287	53.712	14.767	56.164	17.630	-1.753	79.148	-28.624	51.315	62.936	-6.530	32.319	71.943	-22.108	90.452
68.428	53.190	-10.465	78.315	51.050	16.231	56.197	17.666	-1.524	78.924	-29.022	51.796	62.939	-6.584	32.304	72.023	-22.029	90.418
68.438	53.647	-9.566	79.115	48.013	17.352	56.228	17.683	-1.285	78.724	-29.434	52.241	62.936	-6.642	32.294	72.113	-21.972	90.390
68.494	54.051	-8.616	79.424	44.914	18.038	56.248	17.701	-1.036	78.568	-29.882	52.644	62.944	-6.698	32.278	72.186	-21.906	90.374
68.489	54.529	-7.615	79.868	41.759	18.837	56.264	17.714	-0.787	78.444	-30.334	53.003	62.962	-6.726	32.245	72.270	-21.830	90.398
68.445	54.978	-6.586	80.532	38.758	19.927	56.279	17.722	-0.533	78.364	-30.817	53.316	62.959	-6.794	32.253	72.318	-21.779	90.388
68.445	55.347	-5.486	81.162	35.885	21.209	56.291	17.704	-0.269	78.299	-31.313	53.584	62.954	-6.850	32.266	72.376	-21.753	90.364
68.389	55.730	-4.288	81.860	33.048	22.685	56.304	17.689	-0.013	78.265	-31.817	53.866	62.954	-6.901	32.266	72.412	-21.719	90.355
68.349	56.060	-3.000	82.394	30.246	24.108	56.312	17.663	0.246	78.239	-32.364	54.175	62.977	-6.934	32.238	72.440	-21.703	90.400
68.280	56.373	-1.692	82.812	27.684	25.060	56.317	17.635	0.511	78.219	-32.946	54.531	62.972	-6.970	32.258	72.467	-21.671	90.369
68.268	56.614	-0.366	82.880	25.149	25.451	56.322	17.602	0.762	78.154	-33.562	55.002	62.979	-7.000	32.255	72.492	-21.648	90.371
68.273	56.782	0.953	82.747	22.714	25.571	56.330	17.551	1.019	78.061	-34.204	55.528	63.002	-7.026	32.245	72.493	-21.650	90.402
68.237	56.944	2.281	82.617	20.344	25.426	56.335	17.498	1.278	77.969	-34.859	56.112	63.020	-7.059	32.230	72.478	-21.640	90.416
68.257	57.023	3.653	82.429	17.954	25.081	56.347	17.424	1.547	77.855	-35.516	56.745	63.020	-7.097	32.255	72.454	-21.649	90.389
68.214	57.097	5.039	82.326	15.537	24.654	56.355	17.348	1.793	77.746	-36.139	57.464	63.038	-7.122	32.245	72.433	-21.649	90.387
68.191	57.081	6.452	82.124	13.073	24.216	56.360	17.264	2.057	77.646	-36.774	58.192	63.038	-7.160	32.266	72.404	-21.669	90.356
68.181	56.993	7.818	81.971	10.725	23.822	56.363	17.186	2.322	77.539	-37.453	58.945	63.056	-7.203	32.258	72.364	-21.698	90.355
68.082	56.942	9.243	81.987	8.360	23.510	56.363	17.102	2.583	77.416	-38.159	59.696	63.063	-7.229	32.276	72.337	-21.719	90.333
67.978	56.772	10.678	82.020	6.033	23.384	56.368	16.993	2.868	77.312	-38.933	60.345	63.076	-7.257	32.288	72.321	-21.729	90.325
67.803	56.624	12.090	82.221	3.771	23.483	56.360	16.901	3.145	77.290	-39.723	60.909	63.086	-7.282	32.306	72.303	-21.743	90.316
67.612	56.418	13.482	82.421	1.595	23.718	56.350	16.792	3.444	77.342	-40.563	61.322	63.111	-7.280	32.299	72.296	-21.737	90.337
67.386	56.170	14.940	82.673	-0.608	24.093	56.337	16.678	3.749	77.425	-41.433	61.614	63.114	-7.297	32.322	72.296	-21.737	90.335
67.132	55.862	16.363	82.951	-2.772	24.628	56.322	16.556	4.054	77.519	-42.339	61.766	63.124	-7.323	32.324	72.286	-21.734	90.354
66.832	55.555	17.742	83.317	-4.901	25.324	56.304	16.426	4.371	77.613	-43.282	61.764	63.142	-7.351	32.322	72.272	-21.727	90.385
66.561	55.108	19.230	83.550	-7.165	26.073	56.284	16.286	4.704	77.720	-44.277	61.607	63.152	-7.376	32.342	72.272	-21.727	90.400
66.223	54.717	20.589	83.883	-9.309	26.961	56.256	16.159	5.047	77.867	-45.300	61.306	63.175	-7.366	32.344	72.293	-21.710	90.425
65.890	54.252	21.974	84.143	-11.466	27.890	56.233	16.005	5.400	77.976	-46.349	60.908	63.190	-7.381	32.337	72.306	-21.686	90.487
65.527	53.757	23.332	84.422	-13.595	28.875	56.205	15.839	5.761	78.118	-47.433	60.412	63.213	-7.374	32.334	72.345	-21.638	90.560
65.136	53.200	24.770	84.666	-15.755	29.801	56.175	15.654	6.126	78.251	-48.521	59.870	63.223	-7.389	32.344	72.359	-21.601	90.617
64.762	52.614	26.139	84.844	-17.884	30.878	56.137	15.471	6.495	78.427	-49.621	59.295	63.241	-7.386	32.349	72.391	-21.553	90.688
64.384	51.943	27.513	84.954	-19.997	31.951	56.101	15.258	6.868	78.567	-50.747	58.752	63.261	-7.389	32.362	72.408	-21.515	90.759
63.945	51.313	28.882	85.121	-22.057	33.087	56.063	15.037	7.229	78.700	-51.852	58.283	63.292	-7.407	32.357	72.395	-21.475	90.871
63.515	50.630	30.213	85.206	-24.055	34.299	56.020	14.788	7.600	78.830	-52.961	57.892	63.309	-7.407	32.375	72.417	-21.449	90.920
63.038	49.908	31.570	85.305	-26.053	35.542	55.964	14.549	7.955	79.018	-54.053	57.640	63.332	-7.414	32.382	72.411	-21.434	91.029
62.596	49.139	32.857	85.267	-27.995	36.918	55.908	14.277	8.319	79.203	-55.160	57.518	63.355	-7.404	32.395	72.417	-21.392	91.128
62.161	48.288	34.148	85.134	-29.905	38.441	55.850	13.983	8.666	79.359	-56.238	57.588	63.376	-7.414	32.408	72.408	-21.392	91.230
61.704	47.427	35.415	85.036	-31.763	40.035	55.783	13.670	9.002	79.478	-57.323	57.839	63.416	-7.409	32.393	72.392	-21.356	91.405
61.209	46.518	36.700	84.964	-33.577	41.714	55.710	13.355	9.337	79.608	-58.420	58.243	63.431	-7.396	32.408	72.401	-21.349	91.514
60.691	45.596	37.986	84.919	-35.344	43.452	55.631	13.020	9.670	79.708	-59.538	58.779	63.464	-7.389	32.410	72.394	-21.345	91.652
60.173	44.630	39.230	84.872	-37.030	45.291	55.550	12.667	10.000	79.767	-60.667	59.448	63.500	-7.391	32.408	72.362	-21.319	91.814
59.619	43.637	40.475	84.932	-38.676	47.126	55.463	12.314	10.305	79.754	-61.780	60.296	63.533	-7.376	32.415	72.377	-21.330	91.939
59.106	42.553	41.679	84.953	-40.290	49.100	55.372	11.943	10.625	79.734	-62.883	61.203	63.553	-7.366	32.441	72.386	-21.345	92.034
58.572	41.448	42.845	85.095	-41.838	51.090	55.283	11.575	10.912	79.611	-63.947	62.318	63.589	-7.369	32.446	72.351	-21.376	92.182
58.062	40.292	43.993	85.323	-43.344	53.065	55.189	11.191	11.201	79.435	-64.994	63.550	63.622	-7.358	32.449	72.334	-21.408	92.317
57.546	39.050	45.121	85.648	-44.889	55.043	55.098	10.790	11.488	79.214	-66.008	64.903	63.657	-7.363	32.451	72.244	-21.456	92.483
57.018	37.849	46.185	86.137	-46.298	57.003	54.999	10.396	11.760	78.906	-66.982	66.454	63.701	-7.363	32.441	72.237	-21.463	92.636
56.487	36.538	47.267	86.753	-47.770	58.837	54.897	9.995	12.027	78.627	-67.926	68.070	63.729	-7.341	32.464	72.306	-21.478	92.722
55.923	35.268	48.296	87.605	-49.136	60.579	54.795	9.594	12.283	78.350	-68.844	69.766	63.769	-7.328	32.464	72.335	-21.483	92.837
55.392	33.881	49.317	88.509	-50.557	62.271	54.694	9.182	12.527	78.078	-69.752	71.532	63.787	-7.338	32.499	72.338	-21.546	92.914
54.856	32.527	50.251	89.567	-51.894	63.935	54.585	8.771	12.761	77.865	-70.644	73.284	63.820	-7.338	32.507	72.292	-21.597	93.072
54.333	31.133	51.178	90.778	-53.256	65.492	54.480	8.352	12.972	77.658	-71.555	75.040	63.863	-7.315	32.507	72.366	-21.656	93.197
53.797	29.700	52.067	92.101	-54.641	66.947	54.371	7.940	13.180	77.571	-72.487	76.658	63.894	-7.300	32.532	72.372	-21.753	93.292
53.312	28.202	52.893	93.400	-56.089	68.375	54.265	7.521	13.381	77.527	-73.436	78.155	63.927	-7.285	32.540	72.347	-21.844	93.421
52.786	26.716	53.708	94.943	-57.540	69.618	54.158	7.102	13.566	77.464	-74.415	79.571	63.957	-7.267	32.555	72.344	-21.948	93.515
52.288	25.187	54.470	96.523	-59.070	70.803	54.054	6.673	13.739	77.378	-75.422	80.874	63.985	-7.282	32.558	72.287	-22.073	93.645
51.821	23.647	55.169	98.126	-60.607	71.938	53.950	6.266	13.904	77.313	-76.444	82.057	64.021	-7.282	32.575	72.276	-22.164	93.772
51.346	22.111	55.844	99.954	-62.177	72.870	53.848	5.860	14.069	77.316	-77.482	83.035	64.049	-7.264	32.601	72.317	-22.251	93.887
50.879	20.571	56.523	101.673	-63.754	73.866	53.746	5.456	14.232	77.044	-78.504	84.407	64.079	-7.252	32.624	72.307	-22.352	94.011
50.386	18.661	57.112	104.495	-65.707	74.283	53.640	4.986	14.374	77.089	-79.728	84.996	64.122	-7.259	32.606	72.374	-22.427	94.209
50.038	17.302	57.531	106.565	-67.022	74.506	53.566	4.669	14.473	76.997	-80.550	85.576	64.148	-7.272	32.609	72.401	-22.513	94.323
49.652	15.735	57.968	109.341	-68.572	74.311	53.477	4.300	14.597	77.150	-81.513	85.920	64.163	-7.267	32.647	72.483	-22.578	94.390
49.281	14.163	58.367	112.485	-70.082	73.770	53.393	3.937	14.702	77.192	-82.479	86.365	64.204	-7.254	32.644	72.574	-22.632	94.538
48.920	12.614	58.707	116.169	-71.486	72.684	53.302	3.584	14.811	77.636	-83.440	86.386	64.226	-7.249	32.675	72.674	-22.716	94.626
48.567	11.064	59.012	120.473	-72.806	70.901	53.216	3.236	14.902	77.784	-84.395	86.688	64.254	-7.262	32.687	72.750	-22.782	94.750
48.250	9.507	59.261	125.392	-74.004	68.433	53.129	2.888	14.989	77.842	-85.357	87.066	64.287	-7.295	32.682	72.796	-22.849	94.915
47.899	7.963	59.494	131.289	-74.982	64.873	53.038	2.548	15.080	78.025	-86.324	87.334	64.300	-7.313	32.713	72.915	-22.904	94.999
47.633	6.441	59.634	137.528	-75.806	60.921	52.949	2.225	15.154	77.643	-87.291	88.187	64.326	-7.333	32.728	73.022	-22.955	95.138
47.341	4.963	59.766	144.751	-76.355	55.922	52.855	1.897	15.230	76.986	-88.264	89.310	64.361	-7.338	32.718	73.154	-22.965	95.338
47.089	3.505	59.835	152.146	-76.677	50.654	52.758	1.580	15.296	72.362	-89.247	94.407	64.381	-7.363	32.738	73.276	-23.013	95.519
46.845	2.098	59.878	159.602	-76.697	45.216	52.662	1.257	15.354	-66.485	-89.713	-126.293	64.407	-7.371	32.756	73.433	-23.003	95.637
46.619	0.691	59.873	166.850	-76.474	39.896	52.568	0.945	15.405	-88.037	-88.751	-104.289	64.425	-7.402	32.776	73.524	-23.003	95.719
46.411	-0.655	59.840	173.469	-76.010	35.129	52.474	0.622	15.458	-90.329	-87.738	-101.588	64.445	-7.440	32.776	73.612	-23.000	95.849
46.192	-1.974	59.799	179.393	-75.306	30.960	52.380	0.295	15.502	-90.153	-86.707	-101.374	64.463	-7.455	32.796	73.766	-22.985	95.985
45.992	-3.233	59.723	-175.520	-74.435	27.559	52.294	-0.046	15.535	-89.571	-85.655	-101.598	64.491	-7.501	32.799	73.886	-23.001	96.178
45.827	-4.465	59.614	-171.209	-73.479	24.877	52.210	-0.376	15.560	-89.300	-84.608	-101.467	64.511	-7.526	32.807	74.030	-22.992	96.341
45.644	-5.710	59.489	-167.420	-72.401	22.565	52.131	-0.711	15.585	-88.990	-83.542	-101.363	64.531	-7.554	32.807	74.173	-22.984	96.533
45.463	-6.871	59.367	-164.376	-71.233	20.999	52.060	-1.052	15.591	-88.463	-82.452	-101.474	64.557	-7.600	32.809	74.284	-22.997	96.728
45.342	-8.001	59.187	-161.699	-70.104	19.735	51.996	-1.392	15.593	-88.006	-81.360	-101.508	64.579	-7.617	32.812	74.409	-22.965	96.926
45.197	-9.111	59.019	-159.421	-68.902	18.809	51.938	-1.735	15.596	-87.595	-80.251	-101.511	64.605	-7.640	32.812	74.528	-22.973	97.117
45.060	-10.178	58.834	-157.499	-67.677	18.199	51.887	-2.078	15.585	-87.149	-79.152	-101.568	64.620	-7.678	32.817	74.621	-22.994	97.323
44.933	-11.229	58.644	-155.790	-66.438	17.755	51.841	-2.416	15.570	-86.721	-78.069	-101.647	64.640	-7.706	32.827	74.713	-23.005	97.522
44.836	-12.258	58.412	-154.219	-65.252	17.371	51.801	-2.753	15.545	-86.335	-76.997	-101.746	64.658	-7.732	32.847	74.807	-23.021	97.693
44.717	-13.261	58.199	-152.844	-64.013	17.162	51.765	-3.078	15.517	-86.063	-75.963	-101.720	64.684	-7.747	32.852	74.910	-23.044	97.896
44.620	-14.221	57.975	-151.556	-62.795	17.009	51.737	-3.399	15.471	-85.775	-74.981	-101.697	64.712	-7.770	32.845	74.968	-23.078	98.108
44.562	-15.161	57.711	-150.264	-61.608	16.831	51.712	-3.706	15.433	-85.563	-74.067	-101.602	64.729	-7.798	32.868	75.020	-23.147	98.272
44.501	-16.073	57.455	-149.064	-60.397	16.752	51.692	-4.003	15.375	-85.251	-73.208	-101.653	64.750	-7.854	32.868	75.044	-23.237	98.483
44.447	-16.949	57.183	-147.920	-59.189	16.706	51.671	-4.290	15.326	-85.046	-72.421	-101.639	64.770	-7.877	32.878	75.110	-23.303	98.647
44.409	-17.808	56.916	-146.811	-57.952	16.688	51.659	-4.559	15.273	-84.814	-71.703	-101.644	64.785	-7.902	32.890	75.158	-23.371	98.791
44.364	-18.654	56.647	-145.759	-56.698	16.681	51.641	-4.821	15.217	-84.603	-71.064	-101.655	64.803	-7.955	32.901	75.146	-23.479	98.951
44.356	-19.441	56.373	-144.691	-55.479	16.682	51.628	-5.055	15.166	-84.369	-70.492	-101.680	64.826	-7.960	32.913	75.192	-23.543	99.090
44.381	-20.236	56.068	-143.527	-54.255	16.561	51.615	-5.283	15.110	-84.145	-69.983	-101.715	64.851	-8.001	32.903	75.203	-23.647	99.255
44.417	-20.988	55.763	-142.415	-53.041	16.477	51.598	-5.481	15.062	-83.919	-69.548	-101.709	64.882	-8.006	32.885	75.228	-23.721	99.431
44.450	-21.689	55.489	-141.332	-51.807	16.443	51.582	-5.667	15.006	-83.674	-69.175	-101.729	64.894	-8.052	32.903	75.217	-23.822	99.547
44.496	-22.377	55.209	-140.250	-50.578	16.378	51.565	-5.829	14.963	-83.487	-68.878	-101.664	64.907	-8.070	32.911	75.254	-23.915	99.689
44.559	-23.035	54.928	-139.103	-49.346	16.280	51.542	-5.982	14.920	-83.300	-68.631	-101.597	64.917	-8.085	32.929	75.280	-23.999	99.795
44.666	-23.627	54.643	-137.937	-48.162	16.204	51.516	-6.119	14.877	-83.123	-68.424	-101.529	64.938	-8.125	32.936	75.269	-24.086	99.906
44.783	-24.242	54.353	-136.753	-46.957	16.089	51.491	-6.246	14.834	-82.941	-68.230	-101.490	64.960	-8.153	32.921	75.271	-24.175	100.050
44.877	-24.785	54.097	-135.663	-45.771	16.103	51.463	-6.360	14.798	-82.813	-68.073	-101.419	64.976	-8.189	32.918	75.265	-24.253	100.150
45.014	-25.309	53.820	-134.507	-44.602	16.073	51.435	-6.457	14.765	-82.680	-67.917	-101.370	64.978	-8.219	32.941	75.265	-24.311	100.203
45.136	-25.794	53.586	-133.427	-43.443	16.156	51.407	-6.538	14.735	-82.579	-67.758	-101.325	64.996	-8.252	32.944	75.265	-24.371	100.317
45.260	-26.246	53.360	-132.356	-42.268	16.271	51.374	-6.617	14.712	-82.516	-67.609	-101.295	64.996	-8.303	32.941	75.238	-24.442	100.384
45.428	-26.650	53.134	-131.303	-41.205	16.385	51.351	-6.678	14.686	-82.413	-67.460	-101.343	65.016	-8.303	32.934	75.256	-24.482	100.483
45.598	-27.010	52.918	-130.273	-40.171	16.533	51.328	-6.731	14.663	-82.262	-67.304	-101.490	65.039	-8.311	32.921	75.283	-24.512	100.589
45.748	-27.343	52.738	-129.392	-39.168	16.749	51.305	-6.779	14.648	-82.143	-67.145	-101.663	65.047	-8.344	32.923	75.280	-24.552	100.668
45.903	-27.658	52.565	-128.572	-38.191	16.954	51.285	-6.820	14.643	-82.023	-66.999	-101.875	65.047	-8.392	32.918	75.238	-24.606	100.775
46.073	-27.915	52.395	-127.809	-37.295	17.177	51.272	-6.850	14.641	-81.838	-66.857	-102.192	65.060	-8.415	32.916	75.236	-24.620	100.876
46.225	-28.146	52.266	-127.183	-36.450	17.445	51.260	-6.871	14.638	-81.604	-66.717	-102.567	65.065	-8.430	32.906	75.258	-24.642	100.979
46.383	-28.349	52.139	-126.612	-35.655	17.694	51.255	-6.881	14.646	-81.317	-66.574	-102.999	65.070	-8.435	32.906	75.295	-24.661	101.071
46.525	-28.499	52.057	-126.134	-34.907	18.026	51.255	-6.891	14.656	-80.968	-66.434	-103.504	65.075	-8.489	32.883	75.249	-24.695	101.189
46.693	-28.636	51.956	-125.705	-34.233	18.309	51.260	-6.883	14.671	-80.547	-66.308	-104.061	65.075	-8.496	32.883	75.277	-24.690	101.253
46.827	-28.732	51.902	-125.360	-33.604	18.655	51.265	-6.873	14.696	-80.155	-66.200	-104.563	65.072	-8.539	32.878	75.254	-24.707	101.332
46.972	-28.781	51.874	-125.075	-33.042	19.027	51.278	-6.853	14.729	-79.740	-66.110	-105.069	65.067	-8.562	32.873	75.268	-24.724	101.397
47.094	-28.829	51.869	-124.878	-32.510	19.401	51.293	-6.833	14.757	-79.318	-66.031	-105.590	65.062	-8.590	32.865	75.262	-24.730	101.462
47.231	-28.801	51.877	-124.689	-32.086	19.773	51.311	-6.805	14.793	-78.897	-65.978	-106.104	65.052	-8.603	32.865	75.270	-24.741	101.518
47.358	-28.755	51.905	-124.549	-31.712	20.135	51.333	-6.772	14.831	-78.503	-65.940	-106.617	65.044	-8.621	32.863	75.268	-24.731	101.576
47.490	-28.677	51.943	-124.419	-31.411	20.473	51.361	-6.726	14.869	-78.066	-65.933	-107.180	65.052	-8.626	32.830	75.277	-24.719	101.682
47.602	-28.583	52.009	-124.394	-31.160	20.836	51.397	-6.673	14.920	-77.698	-65.940	-107.705	65.037	-8.651	32.832	75.268	-24.701	101.722
47.706	-28.448	52.100	-124.390	-30.977	21.202	51.440	-6.601	14.976	-77.309	-65.975	-108.272	65.029	-8.684	32.819	75.236	-24.718	101.796
47.823	-28.288	52.189	-124.407	-30.858	21.527	51.481	-6.520	15.044	-76.974	-66.049	-108.814	65.029	-8.694	32.784	75.208	-24.700	101.899
47.915	-28.105	52.314	-124.522	-30.789	21.899	51.524	-6.436	15.108	-76.655	-66.143	-109.359	65.006	-8.687	32.807	75.259	-24.675	101.868
48.029	-27.871	52.459	-124.621	-30.791	22.221	51.559	-6.353	15.187	-76.434	-66.279	-109.846	64.981	-8.717	32.809	75.230	-24.669	101.871
48.156	-27.554	52.647	-124.783	-30.901	22.561	51.603	-6.251	15.258	-76.155	-66.450	-110.396	64.966	-8.712	32.812	75.244	-24.649	101.893
48.303	-27.221	52.822	-124.935	-31.089	22.813	51.648	-6.137	15.321	-75.829	-66.646	-111.007	64.948	-8.710	32.809	75.257	-24.610	101.897
48.384	-26.843	53.071	-125.177	-31.312	23.158	51.694	-6.017	15.387	-75.522	-66.884	-111.627	64.930	-8.722	32.812	75.235	-24.599	101.904
48.501	-26.454	53.279	-125.405	-31.635	23.451	51.740	-5.888	15.453	-75.189	-67.155	-112.279	64.915	-8.722	32.799	75.214	-24.568	101.934
48.562	-26.048	53.530	-125.729	-31.972	23.798	51.783	-5.743	15.540	-74.898	-67.485	-112.884	64.884	-8.743	32.799	75.171	-24.561	101.939
48.666	-25.598	53.772	-126.036	-32.397	24.129	51.826	-5.601	15.616	-74.584	-67.839	-113.546	64.864	-8.733	32.799	75.162	-24.539	101.929
48.717	-25.133	54.051	-126.482	-32.899	24.571	51.869	-5.438	15.702	-74.247	-68.239	-114.214	64.823	-8.763	32.814	75.101	-24.540	101.908
48.826	-24.592	54.313	-126.914	-33.565	25.009	51.915	-5.273	15.778	-73.842	-68.675	-114.947	64.806	-8.750	32.814	75.057	-24.526	101.915
48.880	-24.044	54.618	-127.431	-34.236	25.529	51.961	-5.098	15.855	-73.411	-69.144	-115.696	64.773	-8.753	32.827	75.020	-24.524	101.896
48.976	-23.454	54.892	-127.948	-34.975	25.976	52.001	-4.897	15.936	-72.978	-69.666	-116.424	64.745	-8.743	32.830	74.972	-24.506	101.872
49.045	-22.827	55.187	-128.484	-35.694	26.457	52.047	-4.707	16.002	-72.468	-70.183	-117.260	64.727	-8.743	32.822	74.905	-24.504	101.851
49.108	-22.184	55.489	-129.108	-36.419	26.952	52.085	-4.506	16.081	-71.994	-70.749	-118.060	64.681	-8.753	32.845	74.831	-24.492	101.769
49.192	-21.478	55.804	-129.685	-37.220	27.445	52.128	-4.290	16.147	-71.425	-71.332	-118.966	64.653	-8.727	32.870	74.812	-24.460	101.682
49.251	-20.726	56.124	-130.375	-38.009	28.044	52.172	-4.067	16.203	-70.764	-71.924	-119.985	64.633	-8.725	32.860	74.722	-24.463	101.654
49.345	-19.931	56.411	-131.024	-38.850	28.583	52.212	-3.825	16.261	-70.059	-72.547	-121.048	64.595	-8.700	32.893	74.693	-24.446	101.524
49.385	-19.157	56.736	-131.838	-39.626	29.225	52.253	-3.589	16.322	-69.355	-73.183	-122.140	64.569	-8.674	32.888	74.618	-24.413	101.468
49.487	-18.283	57.018	-132.601	-40.522	29.854	52.296	-3.343	16.355	-68.482	-73.829	-123.403	64.546	-8.687	32.878	74.483	-24.448	101.395
49.545	-17.394	57.325	-133.502	-41.374	30.597	52.337	-3.078	16.398	-67.576	-74.498	-124.699	64.503	-8.682	32.898	74.384	-24.447	101.265
49.611	-16.469	57.612	-134.453	-42.221	31.361	52.375	-2.822	16.444	-66.704	-75.183	-125.984	64.458	-8.664	32.929	74.299	-24.446	101.113
49.667	-15.535	57.892	-135.425	-43.017	32.132	52.413	-2.553	16.482	-65.675	-75.893	-127.406	64.414	-8.661	32.941	74.192	-24.452	100.999
49.759	-14.544	58.141	-136.453	-43.868	32.955	52.454	-2.278	16.507	-64.493	-76.597	-128.980	64.376	-8.616	32.964	74.139	-24.427	100.882
49.832	-13.485	58.397	-137.542	-44.719	33.898	52.494	-2.004	16.528	-63.138	-77.318	-130.729	64.338	-8.608	32.974	74.026	-24.418	100.806
49.896	-12.418	58.644	-138.722	-45.542	34.912	52.532	-1.715	16.543	-61.491	-78.052	-132.728	64.308	-8.600	32.969	73.927	-24.389	100.750
49.969	-11.318	58.867	-139.968	-46.353	35.960	52.570	-1.417	16.548	-59.519	-78.788	-135.027	64.267	-8.572	32.992	73.873	-24.349	100.633
50.058	-10.185	59.058	-141.237	-47.204	37.058	52.608	-1.120	16.538	-57.157	-79.511	-137.707	64.234	-8.557	32.997	73.799	-24.306	100.521
50.117	-9.004	59.258	-142.639	-48.006	38.312	52.647	-0.820	16.538	-54.498	-80.236	-140.670	64.188	-8.539	33.025	73.768	-24.273	100.357
50.175	-7.828	59.431	-144.072	-48.780	39.603	52.682	-0.513	16.523	-51.216	-80.951	-144.244	64.145	-8.547	33.043	73.688	-24.247	100.215
50.272	-6.586	59.563	-145.552	-49.617	41.005	52.715	-0.201	16.505	-47.310	-81.635	-148.440	64.105	-8.534	33.045	73.630	-24.202	100.082
50.361	-5.288	59.670	-147.081	-50.440	42.528	52.751	0.117	16.474	-42.526	-82.281	-153.509	64.061	-8.514	33.066	73.590	-24.141	99.913
50.460	-3.960	59.741	-148.757	-51.281	44.217	52.784	0.452	16.439	-36.584	-82.872	-159.695	64.023	-8.476	33.071	73.555	-24.048	99.768
50.564	-2.621	59.776	-150.436	-52.088	45.948	52.819	0.782	16.388	-29.385	-83.353	-167.152	63.990	-8.456	33.068	73.510	-23.968	99.634
50.632	-1.245	59.830	-152.315	-52.819	47.955	52.855	1.115	16.330	-20.936	-83.722	-175.848	63.950	-8.473	33.068	73.429	-23.897	99.498
50.729	0.168	59.812	-154.250	-53.549	50.034	52.890	1.453	16.259	-11.256	-83.931	174.248	63.904	-8.443	33.096	73.425	-23.800	99.307
50.825	1.595	59.764	-156.280	-54.225	52.232	52.921	1.798	16.187	-0.868	-83.987	163.651	63.866	-8.433	33.094	73.389	-23.694	99.156
50.912	3.076	59.690	-158.489	-54.867	54.657	52.954	2.151	16.099	9.745	-83.828	152.861	63.820	-8.430	33.114	73.345	-23.616	99.003
51.041	4.600	59.543	-160.832	-55.532	57.221	52.989	2.507	15.994	19.821	-83.463	142.626	63.792	-8.390	33.106	73.335	-23.504	98.889
51.143	6.071	59.373	-163.233	-56.078	59.776	53.017	2.847	15.890	28.794	-82.928	133.480	63.749	-8.405	33.109	73.267	-23.422	98.761
51.239	7.625	59.157	-165.840	-56.563	62.596	53.040	3.211	15.776	36.458	-82.232	125.686	63.706	-8.400	33.109	73.218	-23.321	98.650
51.369	9.174	58.872	-168.622	-57.058	65.549	53.068	3.571	15.644	42.656	-81.399	119.349	63.663	-8.418	33.117	73.157	-23.251	98.533
51.465	10.775	58.570	-171.579	-57.412	68.692	53.089	3.932	15.507	47.481	-80.462	114.386	63.622	-8.410	33.124	73.126	-23.153	98.446
51.552	12.398	58.214	-174.751	-57.689	72.024	53.109	4.298	15.359	51.582	-79.450	110.140	63.597	-8.395	33.117	73.121	-23.032	98.375
51.666	14.046	57.790	-178.126	-57.920	75.518	53.127	4.669	15.192	55.111	-78.398	106.469	63.569	-8.362	33.109	73.146	-22.905	98.294
51.747	15.672	57.353	178.321	-57.975	79.106	53.144	5.029	15.022	58.075	-77.317	103.365	63.513	-8.387	33.127	73.129	-22.832	98.168
51.857	17.320	56.838	174.618	-57.964	82.797	53.160	5.405	14.839	60.607	-76.178	100.721	63.482	-8.369	33.124	73.116	-22.721	98.091
51.951	19.020	56.258	170.676	-57.802	86.710	53.172	5.776	14.643	62.730	-75.012	98.484	63.449	-8.354	33.109	73.143	-22.623	98.018
52.047	20.678	55.631	166.589	-57.490	90.633	53.180	6.152	14.445	64.652	-73.802	96.470	63.414	-8.362	33.111	73.151	-22.564	97.939
52.139	22.322	54.968	162.470	-56.978	94.496	53.190	6.523	14.232	66.381	-72.561	94.652	63.370	-8.374	33.114	73.151	-22.491	97.859
52.222	24.046	54.211	158.253	-56.280	98.480	53.195	6.896	14.006	68.212	-71.268	92.745	63.335	-8.377	33.111	73.164	-22.414	97.791
52.314	25.720	53.411	154.048	-55.384	102.338	53.203	7.264	13.764	69.745	-69.936	91.126	63.294	-8.377	33.109	73.196	-22.323	97.706
52.377	27.419	52.581	149.986	-54.229	106.064	53.208	7.643	13.515	70.972	-68.604	89.820	63.259	-8.377	33.111	73.219	-22.223	97.615
52.471	29.098	51.661	146.014	-52.899	109.673	53.208	8.024	13.259	71.986	-67.270	88.720	63.221	-8.382	33.117	73.235	-22.145	97.525
52.560	30.731	50.701	142.250	-51.362	112.996	53.210	8.390	12.987	72.838	-65.922	87.723	63.182	-8.405	33.104	73.254	-22.043	97.417
52.626	32.385	49.682	138.702	-49.627	116.144	53.210	8.776	12.705	73.658	-64.547	86.734	63.142	-8.412	33.119	73.292	-21.970	97.304
52.713	34.006	48.605	135.388	-47.731	119.099	53.213	9.147	12.405	74.384	-63.164	85.787	63.106	-8.420	33.124	73.351	-21.903	97.226
52.822	35.598	47.440	132.268	-45.670	121.907	53.216	9.517	12.098	75.058	-61.794	84.855	63.091	-8.405	33.094	73.418	-21.788	97.208
52.890	37.175	46.241	129.562	-43.425	124.410	53.213	9.883	11.783	75.658	-60.427	83.947	63.063	-8.412	33.089	73.434	-21.719	97.136
52.977	38.717	44.983	127.110	-41.144	126.722	53.216	10.251	11.453	76.192	-59.067	83.071	63.030	-8.410	33.096	73.504	-21.642	97.061
53.071	40.226	43.640	124.917	-38.788	128.855	53.216	10.610	11.118	76.670	-57.724	82.182	63.007	-8.405	33.086	73.631	-21.544	97.036
53.170	41.638	42.291	123.062	-36.487	130.641	53.221	10.958	10.775	77.089	-56.398	81.310	62.969	-8.423	33.091	73.676	-21.431	96.976
53.259	43.015	40.889	121.399	-34.151	132.328	53.226	11.298	10.424	77.461	-55.083	80.431	62.944	-8.446	33.084	73.652	-21.325	96.947
53.360	44.333	39.451	119.843	-31.803	133.970	53.236	11.628	10.069	77.763	-53.799	79.578	62.918	-8.461	33.078	73.704	-21.220	96.921
53.492	45.563	37.950	118.402	-29.545	135.691	53.243	11.963	9.713	78.034	-52.536	78.740	62.888	-8.443	33.094	73.864	-21.098	96.841
53.564	46.805	36.421	117.237	-27.381	137.457	53.256	12.286	9.342	78.244	-51.285	77.945	62.870	-8.448	33.091	73.917	-20.993	96.842
53.670	47.940	34.834	116.091	-25.322	139.312	53.271	12.596	8.979	78.425	-50.090	77.142	62.852	-8.443	33.086	73.929	-20.887	96.850
53.764	48.981	33.269	115.171	-23.466	141.045	53.289	12.898	8.603	78.548	-48.916	76.374	62.822	-8.435	33.104	73.961	-20.782	96.803
53.840	49.977	31.638	114.402	-21.739	142.535	53.310	13.180	8.240	78.662	-47.782	75.560	62.791	-8.446	33.127	73.982	-20.681	96.770
53.886	50.940	29.936	113.826	-20.127	143.635	53.332	13.457	7.871	78.775	-46.673	74.736	62.784	-8.440	33.117	73.974	-20.586	96.836
53.914	51.786	28.278	113.373	-18.721	144.253	53.355	13.726	7.508	78.883	-45.594	73.892	62.746	-8.440	33.147	73.973	-20.502	96.838
53.942	52.573	26.548	113.028	-17.455	144.635	53.386	13.978	7.127	78.951	-44.528	73.074	62.738	-8.438	33.139	73.973	-20.433	96.926
53.947	53.277	24.884	112.841	-16.395	144.796	53.414	14.234	6.754	79.041	-43.462	72.262	62.723	-8.423	33.144	73.981	-20.356	97.003
53.950	53.922	23.205	112.750	-15.472	144.947	53.447	14.470	6.368	79.087	-42.392	71.511	62.710	-8.402	33.150	73.978	-20.296	97.075
53.957	54.496	21.567	112.699	-14.697	145.054	53.480	14.696	5.979	79.117	-41.322	70.825	62.697	-8.364	33.157	74.001	-20.243	97.141
53.975	55.019	19.893	112.666	-14.044	145.199	53.515	14.920	5.598	79.150	-40.232	70.216	62.680	-8.319	33.185	74.042	-20.201	97.172
53.980	55.458	18.324	112.626	-13.540	145.118	53.551	15.131	5.202	79.158	-39.119	69.727	62.669	-8.298	33.188	74.005	-20.191	97.243
53.950	55.880	16.744	112.623	-13.111	144.940	53.589	15.331	4.811	79.159	-38.008	69.342	62.657	-8.278	33.198	73.955	-20.187	97.295
53.937	56.248	15.161	112.532	-12.785	144.626	53.627	15.524	4.404	79.136	-36.873	69.088	62.654	-8.222	33.205	73.898	-20.179	97.343
53.906	56.571	13.607	112.424	-12.548	144.190	53.665	15.702	3.988	79.104	-35.711	68.940	62.644	-8.169	33.228	73.825	-20.201	97.374
53.858	56.830	12.141	112.305	-12.375	143.539	53.703	15.870	3.581	79.093	-34.572	68.869	62.634	-8.125	33.246	73.735	-20.225	97.405
53.792	57.087	10.658	112.216	-12.167	142.798	53.741	16.025	3.162	79.050	-33.432	68.928	62.626	-8.067	33.266	73.641	-20.250	97.423
53.736	57.277	9.192	112.103	-11.959	141.976	53.774	16.167	2.748	79.003	-32.302	69.073	62.611	-8.037	33.302	73.501	-20.308	97.436
53.670	57.442	7.724	111.995	-11.664	141.100	53.802	16.304	2.314	78.955	-31.169	69.341	62.624	-7.968	33.292	73.285	-20.375	97.514
53.612	57.567	6.327	111.898	-11.265	140.027	53.825	16.434	1.882	78.955	-30.048	69.651	62.624	-7.892	33.317	73.061	-20.459	97.542
53.541	57.681	4.907	111.850	-10.716	139.044	53.843	16.553	1.453	79.009	-28.926	69.970	62.626	-7.823	33.330	72.804	-20.542	97.584
53.500	57.739	3.584	111.819	-10.065	138.162	53.853	16.650	1.034	79.086	-27.822	70.258	62.626	-7.755	33.350	72.547	-20.626	97.591
53.424	57.828	2.286	111.928	-9.319	137.504	53.848	16.756	0.612	79.233	-26.738	70.522	62.631	-7.668	33.358	72.302	-20.692	97.628
53.370	57.864	0.983	112.034	-8.431	137.086	53.843	16.835	0.191	79.396	-25.670	70.735	62.639	-7.587	33.363	72.039	-20.745	97.666
53.304	57.909	-0.244	112.247	-7.516	136.808	53.825	16.909	-0.216	79.591	-24.635	70.907	62.649	-7.483	33.376	71.834	-20.782	97.689
53.254	57.920	-1.481	112.488	-6.481	136.691	53.805	16.970	-0.622	79.792	-23.632	71.066	62.652	-7.394	33.406	71.591	-20.842	97.691
