55.425	55.806	1.468	110.009	30.089	168.842	53.157	14.773	2.939	77.769	-35.793	66.293	62.052	-7.277	33.879	68.498	-22.023	97.918
55.357	55.717	0.168	110.745	31.419	169.383	53.137	14.844	2.672	77.903	-35.132	65.749	62.052	-7.206	33.909	68.354	-22.139	97.859
55.308	55.588	-1.029	111.403	32.627	169.707	53.114	14.915	2.421	78.073	-34.484	65.205	62.057	-7.158	33.924	68.185	-22.227	97.842
55.220	55.456	-2.261	112.196	33.799	170.025	53.089	14.976	2.159	78.226	-33.828	64.721	62.067	-7.076	33.932	68.062	-22.269	97.839
55.141	55.286	-3.409	112.903	34.853	170.098	53.066	15.024	1.905	78.382	-33.194	64.263	62.062	-7.005	33.955	67.967	-22.301	97.833
55.060	55.093	-4.514	113.597	35.884	169.982	53.035	15.075	1.654	78.560	-32.563	63.850	62.075	-6.949	33.962	67.872	-22.306	97.873
54.983	54.856	-5.616	114.305	36.860	169.758	53.005	15.113	1.425	78.763	-31.959	63.427	62.067	-6.901	33.980	67.779	-22.336	97.910
54.884	54.615	-6.706	115.008	37.845	169.390	52.972	15.146	1.186	78.954	-31.352	63.077	62.090	-6.820	33.962	67.729	-22.272	98.033
54.790	54.346	-7.732	115.693	38.774	168.809	52.941	15.164	0.960	79.132	-30.785	62.744	62.085	-6.756	33.980	67.699	-22.249	98.108
54.686	54.051	-8.763	116.371	39.722	168.113	52.903	15.182	0.734	79.323	-30.226	62.441	62.095	-6.701	33.960	67.645	-22.185	98.233
54.569	53.741	-9.731	117.011	40.717	167.184	52.865	15.192	0.513	79.516	-29.691	62.159	62.095	-6.637	33.950	67.625	-22.113	98.342
54.450	53.419	-10.673	117.661	41.689	166.137	52.827	15.197	0.315	79.721	-29.203	61.874	62.085	-6.594	33.962	67.599	-22.036	98.423
54.346	53.068	-11.575	118.255	42.701	164.933	52.784	15.197	0.107	79.903	-28.747	61.643	62.078	-6.548	33.962	67.586	-21.953	98.528
54.249	52.695	-12.449	118.807	43.742	163.600	52.738	15.189	-0.086	80.087	-28.331	61.421	62.078	-6.487	33.950	67.588	-21.868	98.636
54.125	52.306	-13.348	119.466	44.848	162.281	52.687	15.187	-0.277	80.278	-27.945	61.213	62.088	-6.444	33.917	67.567	-21.773	98.803
54.011	51.907	-14.183	120.062	45.980	160.824	52.636	15.174	-0.460	80.470	-27.595	61.013	62.080	-6.370	33.914	67.586	-21.659	98.932
53.917	51.468	-15.001	120.610	47.205	159.284	52.581	15.166	-0.640	80.684	-27.281	60.831	62.075	-6.320	33.901	67.577	-21.544	99.069
53.797	51.057	-15.748	121.204	48.429	157.638	52.520	15.154	-0.810	80.920	-26.999	60.648	62.080	-6.264	33.873	67.567	-21.423	99.222
53.703	50.612	-16.485	121.760	49.743	155.936	52.459	15.131	-0.973	81.165	-26.745	60.468	62.083	-6.208	33.848	67.544	-21.320	99.375
53.599	50.150	-17.244	122.441	51.110	154.355	52.393	15.113	-1.133	81.436	-26.510	60.304	62.080	-6.167	33.828	67.512	-21.227	99.495
53.530	49.660	-17.935	123.016	52.547	152.650	52.327	15.095	-1.288	81.731	-26.306	60.152	62.083	-6.129	33.805	67.471	-21.142	99.624
53.431	49.185	-18.626	123.730	54.042	151.002	52.255	15.070	-1.440	82.021	-26.116	60.004	62.088	-6.060	33.772	67.471	-21.040	99.740
53.368	48.679	-19.266	124.411	55.582	149.315	52.184	15.042	-1.572	82.340	-25.957	59.837	62.078	-6.012	33.762	67.440	-20.968	99.850
53.320	48.161	-19.896	125.176	57.190	147.732	52.111	15.009	-1.717	82.651	-25.820	59.678	62.088	-5.969	33.724	67.408	-20.910	99.984
53.271	47.658	-20.465	125.992	58.821	146.131	52.032	14.978	-1.844	82.995	-25.725	59.477	62.083	-5.926	33.703	67.375	-20.839	100.068
53.243	47.127	-21.029	126.883	60.521	144.659	51.956	14.938	-1.966	83.350	-25.655	59.229	62.080	-5.867	33.685	67.377	-20.779	100.128
53.233	46.581	-21.585	127.932	62.255	143.366	51.877	14.902	-2.095	83.717	-25.608	58.970	62.085	-5.796	33.650	67.380	-20.702	100.205
53.208	46.065	-22.116	129.204	63.962	142.263	51.796	14.859	-2.200	84.094	-25.601	58.646	62.078	-5.781	33.627	67.300	-20.694	100.281
53.226	45.514	-22.596	130.474	65.695	141.244	51.712	14.818	-2.309	84.487	-25.619	58.304	62.085	-5.723	33.591	67.260	-20.625	100.357
53.269	44.976	-23.010	131.823	67.420	140.304	51.633	14.760	-2.423	84.837	-25.648	57.957	62.083	-5.682	33.574	67.232	-20.610	100.390
53.284	44.460	-23.444	133.628	69.069	139.851	51.549	14.714	-2.527	85.224	-25.705	57.579	62.080	-5.641	33.543	67.180	-20.569	100.450
53.345	43.939	-23.812	135.533	70.716	139.553	51.463	14.661	-2.616	85.600	-25.785	57.173	62.085	-5.565	33.510	67.166	-20.526	100.493
53.416	43.411	-24.176	137.851	72.306	139.733	51.379	14.600	-2.710	85.957	-25.863	56.777	62.085	-5.517	33.485	67.146	-20.521	100.522
53.503	42.888	-24.514	140.540	73.848	140.353	51.293	14.539	-2.802	86.323	-25.945	56.378	62.093	-5.489	33.442	67.070	-20.489	100.573
53.612	42.388	-24.790	143.526	75.311	141.319	51.204	14.486	-2.885	86.713	-26.024	55.973	62.098	-5.428	33.404	67.022	-20.459	100.591
53.701	41.913	-25.088	147.174	76.665	142.983	51.117	14.412	-2.974	87.080	-26.089	55.572	62.103	-5.372	33.373	66.985	-20.430	100.595
53.838	41.422	-25.334	151.150	77.967	145.097	51.031	14.343	-3.053	87.483	-26.162	55.159	62.103	-5.298	33.345	66.953	-20.400	100.584
53.985	40.955	-25.560	155.730	79.163	147.858	50.947	14.265	-3.127	87.903	-26.223	54.735	62.095	-5.265	33.327	66.878	-20.399	100.569
54.107	40.526	-25.766	161.052	80.254	151.356	50.861	14.194	-3.200	88.358	-26.266	54.305	62.090	-5.220	33.312	66.807	-20.380	100.512
54.285	40.051	-25.964	167.035	81.259	155.660	50.782	14.100	-3.277	88.797	-26.307	53.885	62.100	-5.187	33.269	66.711	-20.366	100.505
54.445	39.639	-26.124	173.774	82.153	160.702	50.703	14.016	-3.348	89.284	-26.340	53.450	62.093	-5.123	33.259	66.654	-20.330	100.453
54.615	39.235	-26.259	-178.770	82.936	166.486	50.627	13.929	-3.409	89.779	-26.379	52.996	62.080	-5.075	33.259	66.592	-20.315	100.393
54.798	38.829	-26.388	-170.321	83.608	173.327	50.554	13.851	-3.477	90.289	-26.403	52.563	62.083	-5.014	33.241	66.530	-20.263	100.344
54.991	38.440	-26.500	-160.817	84.145	-178.769	50.485	13.757	-3.538	90.765	-26.450	52.118	62.075	-4.971	33.221	66.441	-20.238	100.319
55.192	38.064	-26.599	-150.297	84.560	-169.829	50.422	13.670	-3.594	91.245	-26.498	51.680	62.085	-4.917	33.185	66.353	-20.186	100.330
55.415	37.691	-26.673	-139.077	84.810	-160.109	50.366	13.584	-3.650	91.683	-26.545	51.265	62.075	-4.864	33.183	66.314	-20.135	100.308
55.618	37.346	-26.756	-127.872	84.872	-150.407	50.310	13.503	-3.703	92.103	-26.595	50.874	62.062	-4.839	33.177	66.230	-20.092	100.304
55.824	37.033	-26.812	-117.121	84.796	-141.171	50.262	13.424	-3.752	92.487	-26.645	50.504	62.060	-4.775	33.167	66.205	-20.013	100.326
56.040	36.723	-26.853	-107.051	84.584	-132.581	50.216	13.343	-3.800	92.829	-26.698	50.169	62.057	-4.757	33.139	66.132	-19.956	100.390
56.258	36.444	-26.873	-98.185	84.277	-125.173	50.178	13.269	-3.843	93.140	-26.741	49.847	62.047	-4.689	33.147	66.139	-19.874	100.419
56.497	36.154	-26.876	-90.516	83.874	-118.924	50.142	13.198	-3.879	93.419	-26.776	49.546	62.032	-4.651	33.142	66.104	-19.800	100.466
56.733	35.870	-26.883	-84.177	83.405	-113.962	50.109	13.132	-3.919	93.675	-26.811	49.261	62.029	-4.630	33.124	66.073	-19.736	100.523
56.972	35.621	-26.878	-78.729	82.890	-109.925	50.084	13.058	-3.952	93.892	-26.827	48.974	62.017	-4.592	33.117	66.060	-19.675	100.550
57.224	35.359	-26.858	-73.981	82.336	-106.523	50.058	13.000	-3.985	94.112	-26.853	48.696	61.999	-4.575	33.109	66.032	-19.629	100.523
57.462	35.136	-26.835	-70.037	81.773	-103.948	50.041	12.939	-4.013	94.304	-26.876	48.436	61.989	-4.534	33.099	66.032	-19.585	100.478
57.706	34.917	-26.822	-66.817	81.206	-102.059	50.025	12.883	-4.039	94.477	-26.899	48.185	61.979	-4.503	33.086	66.015	-19.544	100.417
57.955	34.727	-26.772	-63.860	80.642	-100.438	50.013	12.824	-4.061	94.613	-26.929	47.966	61.961	-4.450	33.091	66.027	-19.510	100.335
58.227	34.529	-26.693	-61.025	80.094	-98.862	50.008	12.776	-4.079	94.746	-26.969	47.751	61.940	-4.455	33.091	65.974	-19.491	100.266
58.471	34.359	-26.660	-58.870	79.540	-97.987	50.005	12.725	-4.097	94.832	-27.017	47.575	61.925	-4.427	33.094	65.960	-19.460	100.186
58.715	34.199	-26.617	-56.937	79.005	-97.294	50.008	12.672	-4.115	94.877	-27.054	47.432	61.913	-4.407	33.086	65.940	-19.425	100.126
58.966	34.044	-26.573	-55.094	78.453	-96.644	50.013	12.636	-4.135	94.913	-27.095	47.339	61.900	-4.379	33.091	65.942	-19.399	100.058
59.205	33.924	-26.535	-53.394	77.947	-96.136	50.023	12.596	-4.155	94.904	-27.126	47.294	61.895	-4.364	33.076	65.937	-19.362	100.029
59.466	33.800	-26.464	-51.610	77.466	-95.463	50.041	12.555	-4.173	94.866	-27.148	47.302	61.874	-4.364	33.089	65.951	-19.325	99.961
59.705	33.703	-26.403	-49.984	77.007	-94.901	50.056	12.522	-4.191	94.819	-27.148	47.351	61.857	-4.336	33.111	66.008	-19.303	99.898
59.954	33.632	-26.322	-48.214	76.562	-94.143	50.076	12.492	-4.209	94.761	-27.117	47.435	61.846	-4.331	33.111	66.014	-19.281	99.908
60.185	33.564	-26.297	-46.843	76.149	-93.741	50.099	12.464	-4.232	94.700	-27.072	47.548	61.826	-4.303	33.134	66.068	-19.228	99.878
60.427	33.495	-26.243	-45.386	75.704	-93.301	50.122	12.436	-4.252	94.649	-27.048	47.623	61.813	-4.288	33.142	66.103	-19.198	99.853
60.714	33.449	-26.172	-43.378	75.320	-92.140	50.152	12.408	-4.282	94.586	-26.921	47.791	61.796	-4.282	33.170	66.135	-19.159	99.879
60.914	33.414	-26.144	-42.194	75.075	-91.565	50.175	12.395	-4.298	94.547	-26.833	47.900	61.788	-4.282	33.183	66.146	-19.109	99.920
61.128	33.406	-26.116	-40.883	74.786	-90.953	50.203	12.383	-4.315	94.516	-26.740	47.993	61.765	-4.260	33.223	66.188	-19.067	99.930
61.346	33.406	-26.076	-39.399	74.521	-90.155	50.236	12.367	-4.333	94.477	-26.632	48.073	61.760	-4.270	33.238	66.199	-19.019	99.974
61.559	33.424	-26.038	-38.048	74.247	-89.466	50.269	12.347	-4.361	94.405	-26.504	48.178	61.747	-4.252	33.259	66.247	-18.956	99.992
61.788	33.424	-25.989	-36.717	74.022	-88.709	50.305	12.344	-4.381	94.353	-26.375	48.278	61.742	-4.257	33.266	66.247	-18.916	100.023
61.991	33.477	-25.949	-35.340	73.804	-87.968	50.340	12.337	-4.404	94.275	-26.245	48.378	61.732	-4.267	33.284	66.240	-18.893	100.018
62.179	33.520	-25.949	-34.182	73.646	-87.411	50.381	12.332	-4.435	94.179	-26.124	48.493	61.719	-4.260	33.317	66.261	-18.859	99.979
62.385	33.579	-25.895	-32.881	73.510	-86.666	50.424	12.342	-4.450	94.101	-26.015	48.599	61.704	-4.237	33.345	66.292	-18.824	99.927
62.575	33.668	-25.845	-31.570	73.378	-85.959	50.467	12.347	-4.468	93.998	-25.912	48.722	61.702	-4.234	33.355	66.294	-18.802	99.898
62.746	33.759	-25.834	-30.500	73.330	-85.462	50.516	12.365	-4.486	93.898	-25.815	48.842	61.694	-4.216	33.388	66.319	-18.782	99.835
62.951	33.818	-25.796	-29.496	73.262	-84.963	50.564	12.377	-4.503	93.759	-25.729	48.976	61.676	-4.234	33.421	66.313	-18.791	99.765
63.124	33.917	-25.784	-28.486	73.263	-84.480	50.620	12.395	-4.529	93.603	-25.643	49.121	61.674	-4.224	33.434	66.321	-18.780	99.709
63.309	33.998	-25.748	-27.363	73.236	-83.820	50.673	12.423	-4.547	93.448	-25.561	49.256	61.671	-4.227	33.459	66.322	-18.779	99.657
63.472	34.122	-25.712	-26.207	73.236	-83.178	50.729	12.449	-4.567	93.259	-25.476	49.380	61.669	-4.214	33.482	66.338	-18.777	99.599
63.632	34.239	-25.697	-25.071	73.245	-82.496	50.790	12.484	-4.587	93.051	-25.406	49.488	61.664	-4.227	33.505	66.346	-18.795	99.532
63.800	34.346	-25.662	-23.730	73.251	-81.552	50.853	12.512	-4.602	92.802	-25.341	49.562	61.661	-4.224	33.520	66.344	-18.794	99.485
63.945	34.493	-25.634	-22.267	73.268	-80.519	50.919	12.560	-4.620	92.553	-25.271	49.633	61.664	-4.224	33.533	66.349	-18.797	99.454
64.097	34.610	-25.613	-20.892	73.312	-79.477	50.988	12.606	-4.643	92.262	-25.197	49.707	61.648	-4.244	33.566	66.345	-18.833	99.388
64.242	34.750	-25.585	-19.441	73.351	-78.353	51.059	12.652	-4.669	91.961	-25.107	49.799	61.656	-4.239	33.574	66.372	-18.825	99.358
64.366	34.930	-25.560	-17.791	73.407	-77.021	51.130	12.705	-4.684	91.680	-25.007	49.882	61.648	-4.234	33.609	66.406	-18.847	99.284
64.503	35.057	-25.547	-16.402	73.461	-75.857	51.201	12.753	-4.707	91.380	-24.890	50.004	61.651	-4.244	33.609	66.408	-18.859	99.261
64.633	35.217	-25.509	-14.782	73.499	-74.440	51.270	12.807	-4.732	91.101	-24.766	50.140	61.648	-4.255	33.632	66.425	-18.892	99.182
64.752	35.375	-25.486	-13.210	73.575	-73.017	51.338	12.863	-4.747	90.852	-24.637	50.243	61.646	-4.265	33.647	66.438	-18.889	99.147
64.887	35.507	-25.438	-11.686	73.636	-71.611	51.405	12.913	-4.768	90.615	-24.514	50.340	61.646	-4.280	33.655	66.458	-18.921	99.119
65.016	35.636	-25.425	-10.246	73.736	-70.269	51.468	12.972	-4.785	90.407	-24.407	50.393	61.648	-4.290	33.663	66.499	-18.941	99.087
65.133	35.789	-25.400	-8.640	73.863	-68.756	51.529	13.025	-4.806	90.213	-24.315	50.420	61.651	-4.310	33.673	66.539	-18.971	99.063
65.263	35.946	-25.309	-6.866	73.926	-67.065	51.585	13.078	-4.818	90.035	-24.243	50.403	61.636	-4.305	33.713	66.645	-18.993	98.958
65.392	36.076	-25.288	-5.337	74.068	-65.619	51.643	13.129	-4.823	89.871	-24.182	50.335	61.628	-4.326	33.729	66.690	-19.009	98.915
65.486	36.264	-25.240	-3.407	74.212	-63.876	51.697	13.185	-4.836	89.731	-24.138	50.265	61.638	-4.346	33.718	66.746	-19.012	98.892
65.631	36.375	-25.159	-1.758	74.304	-62.348	51.747	13.231	-4.831	89.581	-24.116	50.157	61.636	-4.336	33.724	66.849	-19.015	98.816
65.756	36.543	-25.052	0.330	74.398	-60.473	51.798	13.284	-4.834	89.462	-24.086	50.044	61.620	-4.361	33.746	66.885	-19.062	98.706
65.865	36.690	-25.029	2.143	74.576	-58.893	51.852	13.325	-4.839	89.325	-24.070	49.917	61.625	-4.379	33.744	66.927	-19.060	98.675
65.982	36.848	-24.933	4.122	74.697	-57.164	51.900	13.373	-4.839	89.227	-24.060	49.769	61.620	-4.404	33.749	66.950	-19.064	98.627
66.081	37.020	-24.882	6.033	74.857	-55.546	51.953	13.414	-4.841	89.124	-24.043	49.593	61.620	-4.425	33.744	66.982	-19.050	98.588
66.190	37.158	-24.826	7.730	74.986	-54.118	52.001	13.462	-4.836	89.068	-24.038	49.363	61.620	-4.440	33.744	67.051	-19.027	98.519
66.307	37.333	-24.668	9.683	75.008	-52.442	52.050	13.508	-4.829	89.007	-24.030	49.105	61.620	-4.450	33.741	67.112	-19.007	98.439
66.403	37.508	-24.562	11.436	75.091	-50.941	52.103	13.551	-4.821	88.950	-24.025	48.818	61.615	-4.465	33.746	67.162	-18.993	98.337
66.492	37.706	-24.430	13.343	75.148	-49.265	52.156	13.589	-4.821	88.882	-24.012	48.517	61.603	-4.481	33.754	67.211	-18.973	98.239
66.599	37.854	-24.277	14.983	75.183	-47.746	52.215	13.625	-4.803	88.795	-24.013	48.171	61.598	-4.488	33.752	67.247	-18.950	98.154
66.665	38.075	-24.145	16.811	75.236	-46.075	52.273	13.663	-4.803	88.693	-24.004	47.833	61.605	-4.519	33.734	67.271	-18.942	98.101
66.726	38.285	-23.998	18.677	75.284	-44.301	52.337	13.698	-4.790	88.553	-24.017	47.507	61.605	-4.524	33.724	67.341	-18.926	98.031
66.784	38.511	-23.823	20.695	75.324	-42.321	52.405	13.731	-4.773	88.380	-24.031	47.195	61.605	-4.536	33.716	67.403	-18.905	97.936
66.817	38.773	-23.642	23.025	75.364	-40.042	52.476	13.774	-4.747	88.189	-24.084	46.929	61.598	-4.539	33.716	67.482	-18.887	97.803
66.853	39.025	-23.459	25.650	75.367	-37.424	52.555	13.807	-4.732	87.930	-24.151	46.745	61.598	-4.575	33.696	67.500	-18.885	97.713
66.876	39.294	-23.274	28.365	75.358	-34.747	52.642	13.835	-4.707	87.611	-24.271	46.612	61.590	-4.572	33.703	67.605	-18.871	97.543
66.919	39.543	-23.033	31.301	75.252	-31.841	52.730	13.861	-4.671	87.253	-24.427	46.529	61.598	-4.597	33.670	67.647	-18.880	97.451
66.929	39.840	-22.807	34.561	75.112	-28.676	52.824	13.884	-4.623	86.867	-24.630	46.478	61.595	-4.602	33.663	67.724	-18.865	97.252
66.959	40.137	-22.532	37.839	74.865	-25.468	52.918	13.917	-4.569	86.476	-24.875	46.465	61.590	-4.625	33.645	67.779	-18.874	97.060
66.987	40.427	-22.253	41.278	74.543	-22.078	53.017	13.934	-4.508	86.047	-25.178	46.474	61.592	-4.620	33.630	67.861	-18.858	96.865
67.023	40.716	-21.915	44.614	74.057	-18.796	53.119	13.952	-4.442	85.611	-25.513	46.506	61.585	-4.633	33.622	67.908	-18.893	96.662
66.995	41.085	-21.610	48.210	73.522	-15.329	53.213	13.967	-4.374	85.175	-25.896	46.555	61.595	-4.641	33.591	67.950	-18.921	96.494
67.020	41.397	-21.250	51.449	72.814	-12.074	53.312	13.975	-4.295	84.739	-26.297	46.608	61.592	-4.653	33.571	68.007	-18.972	96.297
67.018	41.747	-20.856	54.398	72.027	-8.696	53.406	13.978	-4.209	84.325	-26.730	46.672	61.598	-4.669	33.546	68.054	-19.016	96.098
66.977	42.146	-20.462	57.436	71.119	-5.058	53.497	13.980	-4.120	83.924	-27.182	46.766	61.585	-4.674	33.551	68.125	-19.066	95.842
66.970	42.509	-19.992	60.361	70.173	-1.454	53.586	13.970	-4.011	83.552	-27.643	46.866	61.575	-4.707	33.533	68.149	-19.156	95.643
66.932	42.743	-19.550	62.765	70.805	2.645	53.668	13.955	-3.912	83.191	-28.113	47.049	61.577	-4.709	33.510	68.244	-19.177	95.440
66.959	42.939	-19.068	63.944	70.699	3.812	53.746	13.934	-3.805	82.849	-28.575	47.300	61.580	-4.735	33.487	68.330	-19.229	95.258
67.031	43.200	-18.496	65.132	69.859	4.601	53.823	13.901	-3.683	82.519	-29.050	47.576	61.572	-4.760	33.480	68.412	-19.266	95.054
67.094	43.462	-17.978	65.906	68.975	5.232	53.889	13.868	-3.561	82.231	-29.541	47.908	61.575	-4.770	33.452	68.511	-19.271	94.906
67.122	43.772	-17.442	66.798	67.963	6.094	53.950	13.818	-3.416	81.952	-30.044	48.235	61.585	-4.780	33.414	68.609	-19.254	94.802
67.170	44.049	-16.876	68.140	66.699	7.745	54.005	13.764	-3.274	81.718	-30.535	48.584	61.582	-4.808	33.393	68.699	-19.230	94.672
67.196	44.359	-16.233	69.266	65.156	9.314	54.051	13.711	-3.119	81.543	-30.999	48.909	61.582	-4.826	33.363	68.800	-19.167	94.561
67.246	44.646	-15.613	70.061	63.573	10.460	54.094	13.637	-2.957	81.385	-31.449	49.222	61.582	-4.834	33.343	68.922	-19.102	94.453
67.287	44.961	-14.940	70.665	61.942	11.255	54.127	13.571	-2.779	81.294	-31.904	49.509	61.587	-4.859	33.302	69.006	-19.011	94.401
67.310	45.296	-14.209	71.290	60.322	12.064	54.153	13.492	-2.606	81.203	-32.349	49.797	61.592	-4.882	33.266	69.087	-18.925	94.343
67.340	45.583	-13.518	71.879	58.688	12.623	54.173	13.416	-2.413	81.161	-32.795	50.065	61.590	-4.910	33.244	69.175	-18.812	94.281
67.386	45.877	-12.797	72.357	56.816	13.341	54.188	13.320	-2.212	81.113	-33.238	50.321	61.603	-4.915	33.200	69.285	-18.671	94.251
67.376	46.231	-11.968	72.905	54.831	14.485	54.199	13.221	-2.009	81.086	-33.669	50.594	61.600	-4.953	33.177	69.354	-18.552	94.208
67.381	46.556	-11.100	73.348	52.785	16.062	54.201	13.134	-1.786	81.124	-34.114	50.846	61.590	-4.958	33.162	69.484	-18.410	94.140
67.356	46.899	-10.251	73.955	50.737	17.883	54.199	13.035	-1.565	81.144	-34.573	51.131	61.577	-4.978	33.165	69.588	-18.282	94.075
67.310	47.244	-9.312	74.742	48.602	19.837	54.191	12.931	-1.339	81.188	-35.032	51.414	61.582	-4.996	33.132	69.692	-18.136	94.077
67.280	47.536	-8.331	75.503	46.486	21.848	54.178	12.827	-1.107	81.236	-35.502	51.719	61.590	-5.029	33.099	69.766	-18.034	94.093
67.221	47.823	-7.343	76.363	44.383	24.128	54.158	12.720	-0.879	81.305	-35.964	52.050	61.595	-5.042	33.078	69.896	-17.909	94.088
67.150	48.090	-6.314	77.244	42.295	26.522	54.135	12.609	-0.640	81.401	-36.430	52.402	61.590	-5.067	33.066	69.995	-17.786	94.081
67.071	48.336	-5.225	78.043	40.186	28.911	54.107	12.497	-0.401	81.510	-36.898	52.801	61.592	-5.126	33.043	70.064	-17.688	94.098
66.975	48.567	-4.105	78.744	38.055	31.203	54.074	12.388	-0.163	81.632	-37.378	53.253	61.585	-5.118	33.048	70.230	-17.584	94.060
66.876	48.771	-2.939	79.328	35.943	33.226	54.041	12.271	0.091	81.782	-37.891	53.707	61.582	-5.136	33.038	70.356	-17.459	94.067
66.784	48.923	-1.829	79.806	33.881	34.988	54.011	12.146	0.333	81.900	-38.435	54.215	61.590	-5.143	33.020	70.492	-17.346	94.088
66.693	49.037	-0.683	80.118	31.905	36.301	53.978	12.019	0.579	82.037	-39.021	54.724	61.587	-5.182	33.017	70.601	-17.269	94.082
66.586	49.131	0.483	80.376	30.006	37.244	53.947	11.887	0.846	82.185	-39.672	55.172	61.580	-5.210	33.015	70.709	-17.174	94.098
66.477	49.169	1.669	80.550	28.274	37.792	53.922	11.748	1.110	82.335	-40.373	55.583	61.575	-5.222	33.015	70.831	-17.082	94.098
66.365	49.162	2.835	80.701	26.721	38.075	53.901	11.605	1.374	82.480	-41.117	55.954	61.575	-5.237	33.017	70.958	-16.997	94.097
66.210	49.157	3.985	80.957	25.326	38.190	53.884	11.453	1.648	82.622	-41.917	56.269	61.577	-5.260	33.020	71.057	-16.907	94.116
66.076	49.070	5.103	81.173	24.103	38.181	53.871	11.300	1.915	82.767	-42.739	56.568	61.587	-5.296	33.005	71.120	-16.823	94.163
65.905	48.974	6.251	81.464	22.953	38.115	53.861	11.151	2.195	82.934	-43.597	56.826	61.582	-5.298	33.012	71.236	-16.739	94.168
65.692	48.875	7.429	81.833	21.859	37.957	53.856	11.003	2.459	83.071	-44.459	57.123	61.582	-5.309	33.020	71.332	-16.666	94.197
65.494	48.707	8.555	82.192	20.841	37.911	53.856	10.841	2.741	83.192	-45.332	57.394	61.587	-5.352	33.020	71.366	-16.595	94.252
65.248	48.547	9.726	82.654	19.777	37.927	53.856	10.691	3.035	83.334	-46.221	57.648	61.592	-5.367	33.020	71.458	-16.533	94.288
64.968	48.387	10.869	83.219	18.723	38.125	53.861	10.536	3.315	83.430	-47.098	57.931	61.598	-5.380	33.025	71.523	-16.450	94.315
64.666	48.179	12.108	83.795	17.517	38.398	53.871	10.368	3.602	83.473	-47.965	58.220	61.590	-5.400	33.056	71.597	-16.397	94.299
64.361	47.958	13.261	84.429	16.305	38.934	53.878	10.213	3.881	83.513	-48.793	58.508	61.595	-5.415	33.063	71.659	-16.352	94.328
63.975	47.762	14.478	85.215	14.970	39.638	53.881	10.069	4.161	83.560	-49.583	58.791	61.598	-5.392	33.081	71.746	-16.263	94.329
63.617	47.501	15.657	85.980	13.561	40.591	53.889	9.901	4.448	83.585	-50.352	59.043	61.605	-5.425	33.089	71.766	-16.239	94.358
63.193	47.252	16.876	86.839	12.053	41.678	53.891	9.738	4.722	83.591	-51.080	59.306	61.620	-5.441	33.096	71.795	-16.194	94.392
62.756	46.960	18.133	87.709	10.435	42.887	53.891	9.578	5.009	83.642	-51.790	59.531	61.625	-5.441	33.114	71.866	-16.178	94.393
62.286	46.657	19.401	88.637	8.752	44.219	53.886	9.406	5.293	83.696	-52.492	59.748	61.648	-5.446	33.101	71.892	-16.148	94.464
61.831	46.325	20.602	89.562	7.074	45.750	53.873	9.246	5.570	83.789	-53.162	59.979	61.671	-5.461	33.099	71.899	-16.156	94.516
61.316	45.982	21.880	90.563	5.296	47.330	53.858	9.075	5.832	83.847	-53.819	60.258	61.686	-5.453	33.111	71.964	-16.160	94.518
60.815	45.565	23.170	91.501	3.466	48.997	53.838	8.895	6.114	83.973	-54.481	60.496	61.702	-5.474	33.122	71.974	-16.197	94.538
60.292	45.126	24.445	92.455	1.622	50.743	53.815	8.712	6.375	84.096	-55.130	60.787	61.727	-5.494	33.127	71.997	-16.235	94.568
59.761	44.658	25.718	93.423	-0.251	52.536	53.787	8.534	6.640	84.270	-55.799	61.091	61.760	-5.504	33.124	72.030	-16.272	94.612
59.238	44.130	26.982	94.365	-2.162	54.397	53.759	8.341	6.894	84.414	-56.481	61.459	61.773	-5.517	33.144	72.065	-16.339	94.615
58.656	43.625	28.268	95.415	-4.086	56.225	53.726	8.151	7.142	84.599	-57.170	61.837	61.801	-5.507	33.150	72.109	-16.376	94.652
58.130	43.017	29.510	96.398	-6.097	58.152	53.698	7.948	7.376	84.744	-57.868	62.289	61.824	-5.514	33.167	72.151	-16.430	94.663
57.559	42.423	30.754	97.462	-8.096	60.066	53.665	7.747	7.612	84.940	-58.588	62.729	61.857	-5.524	33.170	72.185	-16.495	94.715
57.010	41.773	31.961	98.502	-10.136	62.023	53.632	7.534	7.833	85.098	-59.330	63.215	61.897	-5.537	33.147	72.203	-16.559	94.819
56.431	41.082	33.216	99.607	-12.224	63.895	53.597	7.328	8.067	85.339	-60.082	63.634	61.923	-5.532	33.157	72.259	-16.604	94.853
55.883	40.361	34.397	100.700	-14.323	65.846	53.561	7.109	8.285	85.524	-60.846	64.104	61.943	-5.547	33.177	72.287	-16.643	94.900
55.329	39.573	35.593	101.816	-16.477	67.749	53.525	6.886	8.501	85.714	-61.616	64.570	61.979	-5.555	33.180	72.325	-16.671	94.977
54.755	38.786	36.756	102.998	-18.586	69.576	53.490	6.662	8.697	85.847	-62.378	65.109	62.017	-5.547	33.190	72.395	-16.709	95.047
54.188	37.950	37.910	104.216	-20.694	71.386	53.452	6.447	8.903	86.054	-63.160	65.601	62.037	-5.537	33.210	72.451	-16.720	95.097
53.657	37.079	38.992	105.422	-22.784	73.193	53.414	6.218	9.098	86.218	-63.936	66.128	62.067	-5.558	33.218	72.459	-16.732	95.184
53.109	36.157	40.091	106.681	-24.870	74.817	53.378	6.002	9.281	86.384	-64.709	66.706	62.100	-5.540	33.221	72.508	-16.725	95.286
52.601	35.199	41.130	107.949	-26.935	76.429	53.343	5.776	9.464	86.568	-65.486	67.261	62.131	-5.570	33.226	72.497	-16.757	95.396
52.067	34.219	42.149	109.320	-28.931	77.848	53.302	5.565	9.639	86.802	-66.266	67.796	62.164	-5.540	33.236	72.574	-16.730	95.484
51.585	33.226	43.083	110.680	-30.862	79.228	53.266	5.347	9.794	86.964	-67.041	68.403	62.205	-5.558	33.221	72.540	-16.729	95.650
51.087	32.202	44.008	112.176	-32.780	80.380	53.228	5.138	9.947	87.212	-67.820	68.929	62.245	-5.563	33.223	72.562	-16.731	95.774
50.607	31.125	44.905	113.706	-34.625	81.331	53.188	4.920	10.102	87.499	-68.606	69.388	62.268	-5.568	33.249	72.569	-16.737	95.854
50.135	30.076	45.733	115.327	-36.384	82.143	53.150	4.709	10.244	87.807	-69.380	69.830	62.316	-5.560	33.231	72.590	-16.721	96.019
49.677	28.981	46.528	117.020	-38.103	82.753	53.106	4.503	10.384	88.168	-70.170	70.202	62.347	-5.565	33.251	72.586	-16.732	96.115
49.215	27.877	47.297	118.828	-39.748	83.109	53.066	4.295	10.516	88.519	-70.963	70.541	62.398	-5.565	33.244	72.577	-16.724	96.267
48.786	26.761	47.993	120.668	-41.327	83.321	53.020	4.082	10.643	88.910	-71.767	70.793	62.433	-5.545	33.241	72.605	-16.710	96.382
48.351	25.634	48.666	122.585	-42.792	83.293	52.974	3.873	10.765	89.375	-72.573	70.939	62.484	-5.535	33.231	72.601	-16.708	96.534
47.927	24.514	49.286	124.584	-44.189	83.073	52.926	3.668	10.879	89.852	-73.371	71.021	62.525	-5.540	33.231	72.575	-16.725	96.662
47.523	23.378	49.870	126.631	-45.508	82.640	52.878	3.462	10.996	90.436	-74.173	70.970	62.565	-5.545	33.236	72.554	-16.753	96.790
47.125	22.243	50.411	128.744	-46.760	81.999	52.827	3.259	11.105	91.050	-74.973	70.839	62.611	-5.530	33.221	72.543	-16.773	96.938
46.711	21.138	50.922	130.931	-47.861	81.167	52.774	3.066	11.219	91.814	-75.770	70.524	62.639	-5.507	33.246	72.551	-16.793	97.021
46.340	20.003	51.382	133.093	-48.936	80.176	52.720	2.865	11.316	92.544	-76.560	70.192	62.685	-5.512	33.233	72.507	-16.833	97.166
45.951	18.882	51.829	135.372	-49.898	78.952	52.664	2.670	11.427	93.501	-77.334	69.607	62.733	-5.499	33.228	72.475	-16.886	97.309
45.598	17.744	52.222	137.631	-50.816	77.603	52.608	2.474	11.524	94.470	-78.100	68.988	62.776	-5.504	33.226	72.428	-16.938	97.442
45.227	16.607	52.614	139.977	-51.629	76.043	52.553	2.268	11.615	95.521	-78.854	68.265	62.819	-5.489	33.233	72.393	-16.995	97.551
44.882	15.494	52.949	142.299	-52.358	74.438	52.494	2.068	11.702	96.717	-79.594	67.385	62.868	-5.464	33.226	72.382	-17.044	97.705
44.539	14.387	53.261	144.673	-53.000	72.720	52.433	1.880	11.788	98.136	-80.325	66.302	62.913	-5.464	33.223	72.323	-17.113	97.839
44.219	13.287	53.541	147.063	-53.592	70.934	52.370	1.676	11.877	99.787	-81.036	64.949	62.964	-5.453	33.203	72.276	-17.174	97.993
43.906	12.197	53.805	149.455	-54.090	69.093	52.309	1.478	11.953	101.664	-81.747	63.381	63.012	-5.448	33.195	72.239	-17.255	98.124
43.599	11.095	54.049	151.885	-54.542	67.148	52.243	1.275	12.035	103.962	-82.431	61.390	63.048	-5.448	33.213	72.210	-17.349	98.206
43.304	9.990	54.270	154.344	-54.917	65.139	52.179	1.077	12.103	106.560	-83.109	59.136	63.091	-5.431	33.213	72.177	-17.419	98.310
43.038	8.920	54.453	156.744	-55.256	63.195	52.116	0.874	12.167	109.749	-83.769	56.311	63.144	-5.408	33.198	72.155	-17.491	98.442
42.789	7.841	54.610	159.180	-55.573	61.191	52.050	0.665	12.228	113.781	-84.421	52.664	63.198	-5.410	33.177	72.101	-17.578	98.590
42.550	6.767	54.745	161.580	-55.846	59.189	51.981	0.457	12.296	119.096	-85.024	47.760	63.236	-5.408	33.183	72.059	-17.673	98.697
42.296	5.705	54.889	163.993	-56.010	57.177	51.915	0.244	12.347	125.718	-85.612	41.559	63.276	-5.405	33.183	72.032	-17.772	98.794
42.070	4.669	54.999	166.365	-56.178	55.227	51.849	0.030	12.400	134.543	-86.122	33.182	63.322	-5.408	33.175	71.988	-17.867	98.907
41.844	3.640	55.093	168.697	-56.278	53.327	51.780	-0.191	12.459	145.768	-86.511	22.422	63.363	-5.403	33.183	71.957	-17.965	98.977
41.643	2.624	55.171	170.952	-56.354	51.503	51.719	-0.409	12.499	159.262	-86.774	9.426	63.403	-5.382	33.185	71.952	-18.064	99.039
41.463	1.587	55.227	173.173	-56.433	49.670	51.656	-0.632	12.543	174.506	-86.832	-5.314	63.444	-5.395	33.183	71.893	-18.158	99.105
41.300	0.615	55.258	175.259	-56.483	48.037	51.595	-0.861	12.576	-170.492	-86.692	-19.825	63.490	-5.392	33.172	71.876	-18.260	99.152
41.128	-0.366	55.283	177.318	-56.483	46.412	51.537	-1.082	12.616	-157.334	-86.328	-32.477	63.533	-5.395	33.152	71.845	-18.340	99.229
40.970	-1.339	55.298	179.322	-56.458	44.849	51.483	-1.313	12.639	-146.707	-85.826	-42.622	63.581	-5.380	33.144	71.850	-18.418	99.294
40.831	-2.281	55.298	-178.784	-56.410	43.422	51.432	-1.552	12.654	-138.409	-85.221	-50.481	63.630	-5.380	33.129	71.831	-18.497	99.371
40.703	-3.223	55.281	-176.930	-56.339	42.024	51.382	-1.781	12.680	-132.192	-84.523	-56.286	63.665	-5.359	33.132	71.844	-18.573	99.424
40.582	-4.143	55.258	-175.127	-56.244	40.714	51.336	-2.017	12.690	-127.267	-83.791	-60.847	63.726	-5.364	33.089	71.813	-18.648	99.564
40.460	-5.057	55.225	-173.418	-56.134	39.477	51.290	-2.240	12.703	-123.448	-83.035	-64.296	63.759	-5.362	33.094	71.789	-18.713	99.630
40.350	-5.949	55.176	-171.771	-56.005	38.306	51.247	-2.466	12.710	-120.475	-82.262	-66.923	63.792	-5.362	33.096	71.752	-18.816	99.694
40.259	-6.845	55.110	-170.142	-55.869	37.142	51.206	-2.697	12.710	-118.083	-81.493	-69.016	63.833	-5.364	33.089	71.719	-18.902	99.777
40.170	-7.696	55.044	-168.580	-55.728	36.079	51.171	-2.913	12.713	-116.067	-80.731	-70.748	63.871	-5.349	33.084	71.708	-19.002	99.844
40.096	-8.547	54.958	-167.048	-55.562	35.004	51.135	-3.134	12.708	-114.331	-79.983	-72.240	63.924	-5.337	33.050	71.690	-19.041	99.946
40.025	-9.398	54.869	-165.524	-55.372	33.909	51.102	-3.343	12.697	-112.785	-79.247	-73.565	63.962	-5.334	33.040	71.648	-19.133	100.013
39.964	-10.208	54.767	-164.053	-55.181	32.892	51.074	-3.551	12.685	-111.379	-78.523	-74.786	64.011	-5.316	33.033	71.628	-19.192	100.056
39.924	-11.016	54.646	-162.596	-54.954	31.847	51.046	-3.749	12.670	-110.153	-77.824	-75.821	64.054	-5.311	33.010	71.562	-19.251	100.121
39.886	-11.808	54.521	-161.157	-54.702	30.824	51.024	-3.945	12.647	-109.012	-77.145	-76.802	64.092	-5.314	33.000	71.481	-19.314	100.161
39.855	-12.601	54.384	-159.701	-54.395	29.750	51.003	-4.125	12.626	-107.998	-76.479	-77.675	64.135	-5.306	32.984	71.416	-19.391	100.225
39.845	-13.348	54.242	-158.286	-54.072	28.756	50.988	-4.300	12.601	-107.033	-75.855	-78.534	64.188	-5.283	32.962	71.338	-19.444	100.292
39.827	-14.107	54.094	-156.897	-53.671	27.732	50.970	-4.478	12.581	-106.119	-75.250	-79.367	64.229	-5.291	32.946	71.244	-19.525	100.354
39.832	-14.811	53.939	-155.543	-53.250	26.787	50.960	-4.630	12.545	-105.123	-74.687	-80.256	64.267	-5.281	32.954	71.174	-19.586	100.400
39.848	-15.527	53.772	-154.223	-52.793	25.834	50.950	-4.775	12.517	-104.243	-74.151	-81.051	64.313	-5.250	32.931	71.118	-19.623	100.473
39.878	-16.220	53.591	-152.888	-52.304	24.900	50.942	-4.915	12.489	-103.367	-73.644	-81.855	64.348	-5.263	32.939	71.031	-19.708	100.530
39.911	-16.883	53.421	-151.616	-51.767	24.050	50.937	-5.044	12.464	-102.566	-73.159	-82.594	64.389	-5.258	32.929	70.935	-19.766	100.620
39.975	-17.564	53.221	-150.331	-51.191	23.169	50.937	-5.159	12.431	-101.752	-72.710	-83.317	64.435	-5.271	32.916	70.833	-19.823	100.711
40.025	-18.191	53.050	-149.125	-50.550	22.465	50.937	-5.265	12.403	-101.054	-72.286	-83.932	64.473	-5.255	32.921	70.769	-19.892	100.789
40.117	-18.791	52.860	-147.951	-49.941	21.836	50.940	-5.354	12.383	-100.417	-71.889	-84.470	64.513	-5.232	32.908	70.704	-19.934	100.880
40.198	-19.413	52.669	-146.800	-49.249	21.221	50.945	-5.451	12.360	-99.791	-71.513	-85.034	64.557	-5.237	32.888	70.616	-19.991	100.989
40.305	-20.000	52.476	-145.684	-48.566	20.685	50.950	-5.535	12.334	-99.160	-71.153	-85.599	64.600	-5.227	32.880	70.543	-20.066	101.094
40.409	-20.561	52.296	-144.637	-47.843	20.271	50.960	-5.603	12.319	-98.572	-70.827	-86.112	64.635	-5.258	32.873	70.421	-20.146	101.194
40.551	-21.077	52.103	-143.580	-47.143	19.905	50.973	-5.669	12.306	-98.029	-70.524	-86.597	64.661	-5.230	32.883	70.396	-20.190	101.250
40.653	-21.615	51.940	-142.631	-46.355	19.608	50.985	-5.733	12.299	-97.485	-70.231	-87.100	64.699	-5.210	32.875	70.378	-20.261	101.333
40.823	-22.098	51.750	-141.605	-45.665	19.257	51.003	-5.776	12.289	-96.858	-69.962	-87.671	64.737	-5.202	32.870	70.298	-20.311	101.428
40.993	-22.560	51.562	-140.617	-44.940	18.942	51.021	-5.827	12.281	-96.232	-69.699	-88.281	64.778	-5.217	32.842	70.204	-20.391	101.547
41.151	-22.982	51.405	-139.734	-44.208	18.736	51.041	-5.865	12.289	-95.658	-69.451	-88.842	64.803	-5.210	32.847	70.140	-20.451	101.605
41.303	-23.388	51.267	-138.873	-43.462	18.526	51.069	-5.895	12.283	-94.964	-69.222	-89.554	64.844	-5.212	32.842	70.071	-20.511	101.696
41.491	-23.772	51.115	-137.996	-42.735	18.279	51.095	-5.923	12.294	-94.329	-69.005	-90.233	64.872	-5.210	32.837	69.990	-20.570	101.767
41.676	-24.117	50.973	-137.141	-42.026	18.067	51.125	-5.939	12.304	-93.665	-68.811	-90.951	64.897	-5.212	32.837	69.914	-20.640	101.833
41.847	-24.442	50.858	-136.374	-41.298	17.900	51.156	-5.954	12.327	-93.039	-68.634	-91.668	64.907	-5.217	32.863	69.852	-20.697	101.857
42.075	-24.732	50.724	-135.546	-40.629	17.654	51.191	-5.959	12.337	-92.356	-68.473	-92.471	64.933	-5.230	32.855	69.769	-20.744	101.922
42.281	-25.001	50.620	-134.784	-39.926	17.441	51.229	-5.946	12.357	-91.723	-68.336	-93.228	64.958	-5.232	32.847	69.689	-20.783	101.974
42.489	-25.237	50.523	-134.045	-39.258	17.195	51.270	-5.944	12.380	-91.142	-68.202	-93.980	64.991	-5.230	32.819	69.602	-20.835	102.068
42.705	-25.410	50.457	-133.374	-38.646	17.012	51.311	-5.926	12.413	-90.602	-68.100	-94.690	65.014	-5.217	32.812	69.564	-20.860	102.096
42.936	-25.568	50.396	-132.708	-38.071	16.795	51.359	-5.903	12.454	-90.109	-68.023	-95.370	65.019	-5.243	32.824	69.484	-20.950	102.096
43.137	-25.707	50.358	-132.109	-37.496	16.596	51.410	-5.870	12.494	-89.590	-67.952	-96.089	65.039	-5.278	32.807	69.375	-21.031	102.177
43.365	-25.819	50.322	-131.509	-36.982	16.369	51.468	-5.827	12.540	-89.089	-67.910	-96.793	65.049	-5.278	32.809	69.371	-21.088	102.180
43.602	-25.872	50.310	-130.970	-36.571	16.188	51.526	-5.776	12.598	-88.641	-67.884	-97.458	65.070	-5.276	32.786	69.319	-21.119	102.243
43.838	-25.880	50.335	-130.450	-36.188	16.071	51.587	-5.712	12.657	-88.150	-67.877	-98.157	65.085	-5.288	32.766	69.270	-21.192	102.282
44.072	-25.883	50.363	-130.001	-35.862	15.971	51.646	-5.657	12.710	-87.687	-67.882	-98.882	65.103	-5.296	32.743	69.263	-21.243	102.319
44.300	-25.852	50.401	-129.582	-35.620	15.910	51.707	-5.583	12.771	-87.223	-67.899	-99.615	65.108	-5.321	32.736	69.219	-21.314	102.341
44.488	-25.804	50.490	-129.307	-35.409	15.969	51.768	-5.514	12.837	-86.786	-67.929	-100.371	65.105	-5.347	32.736	69.200	-21.381	102.337
44.709	-25.712	50.576	-129.001	-35.307	16.022	51.829	-5.425	12.908	-86.373	-67.987	-101.126	65.113	-5.364	32.720	69.202	-21.450	102.378
44.933	-25.601	50.676	-128.740	-35.249	16.111	51.895	-5.337	12.974	-85.948	-68.066	-101.959	65.118	-5.385	32.697	69.206	-21.506	102.402
45.148	-25.451	50.813	-128.564	-35.258	16.297	51.963	-5.230	13.048	-85.531	-68.165	-102.794	65.110	-5.400	32.692	69.234	-21.562	102.387
45.413	-25.230	50.947	-128.369	-35.409	16.468	52.037	-5.123	13.114	-85.095	-68.282	-103.695	65.131	-5.431	32.636	69.230	-21.609	102.466
45.618	-24.991	51.140	-128.325	-35.580	16.737	52.106	-5.011	13.195	-84.730	-68.431	-104.549	65.118	-5.461	32.642	69.258	-21.688	102.438
45.855	-24.722	51.326	-128.250	-35.807	16.960	52.177	-4.879	13.279	-84.341	-68.617	-105.407	65.105	-5.491	32.644	69.290	-21.756	102.404
46.073	-24.417	51.521	-128.248	-36.066	17.208	52.250	-4.745	13.355	-83.928	-68.837	-106.312	65.098	-5.504	32.634	69.335	-21.812	102.387
46.294	-24.092	51.727	-128.281	-36.380	17.466	52.324	-4.615	13.442	-83.545	-69.074	-107.207	65.093	-5.547	32.598	69.340	-21.868	102.405
46.474	-23.711	51.976	-128.396	-36.729	17.795	52.398	-4.465	13.533	-83.174	-69.345	-108.061	65.077	-5.598	32.578	69.362	-21.966	102.394
46.698	-23.302	52.200	-128.513	-37.182	18.084	52.474	-4.295	13.619	-82.727	-69.658	-108.977	65.067	-5.616	32.553	69.408	-22.009	102.376
46.881	-22.852	52.461	-128.739	-37.706	18.465	52.555	-4.115	13.701	-82.243	-69.996	-109.933	65.070	-5.634	32.525	69.369	-22.056	102.417
47.069	-22.370	52.730	-129.027	-38.280	18.836	52.631	-3.942	13.785	-81.763	-70.356	-110.926	65.047	-5.677	32.512	69.384	-22.135	102.441
47.295	-21.839	52.977	-129.315	-38.946	19.152	52.710	-3.744	13.866	-81.229	-70.755	-111.940	65.044	-5.702	32.474	69.472	-22.174	102.487
47.465	-21.306	53.249	-129.750	-39.575	19.518	52.786	-3.553	13.950	-80.750	-71.174	-112.940	65.019	-5.748	32.474	69.558	-22.224	102.451
47.635	-20.716	53.536	-130.224	-40.240	19.871	52.868	-3.350	14.028	-80.225	-71.616	-113.979	65.001	-5.789	32.441	69.644	-22.248	102.420
47.828	-20.084	53.805	-130.691	-40.955	20.194	52.946	-3.129	14.107	-79.676	-72.095	-115.033	64.996	-5.801	32.398	69.724	-22.247	102.381
47.983	-19.395	54.110	-131.294	-41.682	20.637	53.025	-2.896	14.181	-79.074	-72.613	-116.144	64.976	-5.817	32.382	69.803	-22.248	102.305
48.153	-18.666	54.397	-131.919	-42.449	21.058	53.104	-2.667	14.249	-78.462	-73.160	-117.265	64.945	-5.847	32.388	69.869	-22.266	102.190
48.326	-17.943	54.668	-132.618	-43.198	21.470	53.183	-2.431	14.308	-77.824	-73.736	-118.381	64.920	-5.885	32.357	69.915	-22.282	102.084
48.458	-17.173	54.981	-133.425	-43.923	21.991	53.261	-2.187	14.371	-77.178	-74.350	-119.494	64.892	-5.923	32.344	69.978	-22.314	101.941
48.623	-16.358	55.255	-134.260	-44.691	22.525	53.337	-1.941	14.417	-76.390	-74.982	-120.739	64.859	-5.949	32.332	70.052	-22.351	101.733
48.804	-15.489	55.517	-135.124	-45.483	23.100	53.416	-1.674	14.463	-75.533	-75.660	-121.991	64.826	-5.969	32.319	70.123	-22.370	101.486
48.969	-14.587	55.794	-136.101	-46.257	23.771	53.490	-1.407	14.498	-74.539	-76.348	-123.360	64.785	-5.992	32.304	70.194	-22.395	101.200
49.103	-13.640	56.083	-137.193	-46.963	24.566	53.564	-1.143	14.529	-73.464	-77.084	-124.777	64.750	-6.043	32.283	70.201	-22.425	100.950
49.276	-12.690	56.309	-138.252	-47.701	25.306	53.635	-0.869	14.557	-72.333	-77.837	-126.197	64.714	-6.048	32.271	70.260	-22.428	100.701
49.474	-11.646	56.535	-139.388	-48.460	26.225	53.706	-0.589	14.564	-70.952	-78.605	-127.849	64.684	-6.060	32.253	70.330	-22.415	100.470
49.621	-10.604	56.766	-140.654	-49.143	27.245	53.772	-0.315	14.567	-69.409	-79.376	-129.663	64.643	-6.109	32.240	70.356	-22.416	100.228
49.769	-9.512	56.993	-142.009	-49.805	28.411	53.835	-0.030	14.569	-67.609	-80.151	-131.718	64.597	-6.129	32.235	70.433	-22.408	99.976
49.974	-8.382	57.160	-143.350	-50.543	29.598	53.904	0.246	14.547	-65.310	-80.899	-134.288	64.579	-6.139	32.210	70.532	-22.386	99.779
50.135	-7.242	57.340	-144.853	-51.211	30.977	53.960	0.528	14.552	-62.861	-81.652	-136.984	64.521	-6.170	32.228	70.631	-22.356	99.480
50.317	-6.071	57.480	-146.433	-51.896	32.451	54.021	0.815	14.521	-59.500	-82.391	-140.584	64.473	-6.205	32.222	70.726	-22.326	99.210
50.485	-4.826	57.617	-148.094	-52.579	34.115	54.084	1.102	14.488	-55.308	-83.110	-145.014	64.430	-6.248	32.222	70.813	-22.310	98.968
50.676	-3.564	57.706	-149.875	-53.300	35.926	54.140	1.387	14.460	-50.217	-83.810	-150.332	64.389	-6.264	32.220	70.939	-22.246	98.735
50.836	-2.271	57.800	-151.809	-53.948	37.939	54.199	1.681	14.409	-43.332	-84.449	-157.394	64.351	-6.299	32.215	71.044	-22.207	98.547
51.036	-0.940	57.836	-153.791	-54.665	40.040	54.259	1.974	14.356	-34.655	-85.004	-166.219	64.308	-6.345	32.217	71.151	-22.151	98.363
51.224	0.411	57.854	-155.924	-55.358	42.332	54.318	2.266	14.293	-23.769	-85.411	-177.224	64.265	-6.388	32.210	71.273	-22.095	98.207
51.402	1.816	57.851	-158.269	-56.037	44.868	54.374	2.560	14.224	-10.845	-85.639	169.752	64.216	-6.411	32.220	71.462	-22.028	97.981
51.585	3.216	57.803	-160.731	-56.717	47.512	54.427	2.865	14.150	2.997	-85.611	155.858	64.158	-6.452	32.233	71.622	-21.944	97.750
51.763	4.684	57.722	-163.415	-57.395	50.452	54.480	3.172	14.074	16.349	-85.319	142.479	64.107	-6.482	32.245	71.787	-21.848	97.535
51.918	6.137	57.628	-166.270	-57.975	53.532	54.531	3.475	13.985	27.802	-84.791	131.002	64.059	-6.490	32.263	71.984	-21.726	97.319
52.106	7.623	57.465	-169.289	-58.583	56.803	54.585	3.769	13.886	36.972	-84.075	121.817	64.016	-6.571	32.250	72.103	-21.660	97.165
52.294	9.162	57.247	-172.561	-59.154	60.355	54.635	4.079	13.777	44.188	-83.216	114.618	63.978	-6.586	32.250	72.291	-21.501	97.002
52.487	10.706	56.998	-176.085	-59.626	64.129	54.684	4.389	13.658	49.826	-82.251	109.028	63.927	-6.617	32.266	72.492	-21.370	96.803
52.690	12.240	56.685	-179.749	-60.015	67.996	54.732	4.694	13.526	54.250	-81.212	104.639	63.894	-6.670	32.261	72.636	-21.240	96.676
52.888	13.782	56.398	176.584	-60.252	71.906	54.780	5.001	13.401	57.674	-80.151	101.248	63.853	-6.716	32.268	72.812	-21.099	96.514
53.089	15.705	55.885	171.404	-60.392	77.303	54.834	5.377	13.200	61.081	-78.737	97.951	63.797	-6.739	32.291	73.050	-20.923	96.385
53.264	17.059	55.469	167.818	-60.377	80.992	54.864	5.639	13.071	63.077	-77.756	96.017	63.764	-6.761	32.296	73.218	-20.801	96.322
53.467	18.639	54.958	163.555	-60.178	85.373	54.902	5.944	12.901	64.944	-76.587	94.211	63.749	-6.800	32.271	73.362	-20.646	96.299
53.630	20.218	54.430	159.324	-59.746	89.648	54.933	6.264	12.733	66.664	-75.365	92.567	63.696	-6.853	32.304	73.513	-20.529	96.195
53.807	21.847	53.818	154.972	-59.160	94.009	54.968	6.584	12.540	68.032	-74.114	91.252	63.650	-6.886	32.339	73.698	-20.396	96.083
53.988	23.495	53.124	150.654	-58.398	98.336	54.999	6.896	12.342	69.337	-72.846	89.993	63.630	-6.899	32.327	73.880	-20.265	96.050
54.163	25.105	52.415	146.530	-57.421	102.363	55.027	7.211	12.139	70.547	-71.563	88.808	63.604	-6.947	32.324	74.007	-20.140	96.003
54.336	26.706	51.628	142.590	-56.266	106.212	55.055	7.523	11.918	71.581	-70.267	87.743	63.569	-6.970	32.355	74.152	-20.044	95.925
54.539	28.316	50.759	138.762	-54.969	109.957	55.080	7.838	11.687	72.561	-68.938	86.700	63.548	-6.980	32.342	74.294	-19.955	95.902
54.707	29.903	49.868	135.251	-53.451	113.349	55.103	8.164	11.448	73.404	-67.633	85.797	63.518	-7.010	32.365	74.438	-19.863	95.812
54.879	31.468	48.915	131.960	-51.786	116.522	55.126	8.471	11.204	74.018	-66.327	85.031	63.492	-7.041	32.375	74.571	-19.781	95.741
55.082	33.005	47.866	128.841	-49.990	119.490	55.146	8.786	10.945	74.531	-64.983	84.321	63.485	-7.046	32.365	74.707	-19.691	95.709
55.220	34.521	46.817	126.112	-48.002	122.075	55.161	9.103	10.691	75.084	-63.657	83.545	63.459	-7.059	32.372	74.829	-19.612	95.637
55.367	36.045	45.690	123.611	-45.858	124.450	55.179	9.408	10.417	75.559	-62.336	82.782	63.426	-7.074	32.400	74.964	-19.572	95.548
55.481	37.551	44.519	121.459	-43.641	126.507	55.194	9.721	10.137	76.042	-61.010	81.964	63.411	-7.092	32.408	75.080	-19.493	95.522
55.679	38.941	43.264	119.312	-41.392	128.412	55.215	10.015	9.840	76.438	-59.693	81.171	63.401	-7.142	32.403	75.139	-19.450	95.479
55.847	40.295	41.984	117.385	-39.074	130.134	55.235	10.312	9.548	76.820	-58.413	80.362	63.386	-7.135	32.415	75.246	-19.373	95.381
55.992	41.656	40.632	115.588	-36.617	131.881	55.253	10.607	9.246	77.146	-57.138	79.587	63.358	-7.137	32.441	75.348	-19.344	95.271
56.111	42.989	39.271	113.990	-34.139	133.624	55.275	10.892	8.948	77.414	-55.886	78.821	63.340	-7.150	32.459	75.443	-19.297	95.232
56.291	44.216	37.836	112.428	-31.696	135.447	55.298	11.173	8.636	77.622	-54.652	78.112	63.337	-7.155	32.459	75.518	-19.191	95.201
56.441	45.400	36.388	111.104	-29.242	137.201	55.321	11.445	8.326	77.791	-53.429	77.423	63.315	-7.168	32.487	75.491	-19.105	95.090
56.591	46.545	34.874	109.922	-26.755	138.977	55.352	11.709	8.009	77.905	-52.246	76.786	63.317	-7.160	32.476	75.542	-19.034	95.055
56.703	47.645	33.335	109.016	-24.282	140.760	55.375	11.979	7.701	78.052	-51.088	76.132	63.294	-7.183	32.507	75.593	-18.987	94.938
56.807	48.666	31.806	108.380	-21.855	142.466	55.402	12.238	7.374	78.116	-49.958	75.562	63.282	-7.173	32.525	75.627	-18.928	94.880
56.906	49.621	30.246	107.967	-19.506	144.169	55.435	12.479	7.043	78.154	-48.842	75.010	63.274	-7.178	32.535	75.606	-18.888	94.879
56.975	50.523	28.661	107.743	-17.169	145.839	55.461	12.728	6.716	78.231	-47.750	74.447	63.264	-7.163	32.555	75.640	-18.840	94.855
57.041	51.349	27.069	107.703	-14.896	147.462	55.489	12.954	6.396	78.282	-46.697	73.885	63.243	-7.163	32.578	75.653	-18.851	94.851
57.107	52.131	25.438	107.770	-12.648	149.085	55.527	13.170	6.048	78.268	-45.661	73.405	63.241	-7.148	32.588	75.684	-18.820	94.861
57.147	52.835	23.805	107.992	-10.453	150.645	55.557	13.393	5.715	78.312	-44.652	72.900	63.231	-7.127	32.619	75.717	-18.809	94.824
57.180	53.477	22.202	108.316	-8.295	152.210	55.588	13.604	5.370	78.308	-43.651	72.462	63.228	-7.122	32.619	75.714	-18.802	94.818
57.163	54.110	20.602	108.775	-6.183	153.824	55.621	13.805	5.024	78.297	-42.660	72.052	63.231	-7.125	32.624	75.701	-18.816	94.814
57.191	54.610	19.012	109.198	-4.123	155.519	55.649	14.006	4.694	78.313	-41.697	71.635	63.221	-7.109	32.634	75.699	-18.818	94.787
57.168	55.115	17.407	109.738	-2.048	157.252	55.677	14.191	4.359	78.325	-40.755	71.236	63.223	-7.071	32.644	75.719	-18.817	94.759
57.137	55.562	15.824	110.229	-0.004	159.014	55.702	14.376	4.013	78.322	-39.810	70.879	63.221	-7.033	32.664	75.731	-18.833	94.721
57.099	55.977	14.204	110.748	2.045	160.837	55.728	14.552	3.680	78.330	-38.896	70.510	63.218	-6.988	32.685	75.732	-18.847	94.678
57.064	56.330	12.634	111.247	4.026	162.575	55.748	14.719	3.327	78.316	-37.970	70.181	63.218	-6.975	32.687	75.684	-18.888	94.654
57.031	56.634	11.059	111.753	5.989	164.242	55.768	14.869	2.985	78.323	-37.045	69.828	63.231	-6.932	32.682	75.645	-18.930	94.637
56.990	56.891	9.512	112.213	7.965	165.805	55.786	15.016	2.647	78.349	-36.137	69.472	63.236	-6.894	32.690	75.565	-19.013	94.603
56.949	57.099	7.993	112.691	9.919	167.277	55.801	15.154	2.306	78.392	-35.228	69.132	63.241	-6.845	32.703	75.464	-19.132	94.549
56.866	57.310	6.480	113.204	11.858	168.709	55.809	15.283	1.974	78.461	-34.333	68.773	63.246	-6.800	32.703	75.324	-19.272	94.501
56.833	57.434	5.034	113.605	13.811	170.024	55.814	15.397	1.631	78.522	-33.448	68.448	63.264	-6.728	32.700	75.209	-19.387	94.453
56.789	57.541	3.564	114.009	15.749	171.341	55.817	15.499	1.278	78.586	-32.562	68.149	63.276	-6.706	32.690	75.028	-19.549	94.412
56.759	57.595	2.129	114.382	17.705	172.568	55.814	15.591	0.947	78.694	-31.697	67.823	63.287	-6.647	32.695	74.889	-19.678	94.335
56.721	57.622	0.709	114.739	19.651	173.733	55.796	15.695	0.620	78.870	-30.843	67.513	63.299	-6.586	32.687	74.727	-19.814	94.277
