53.185	57.922	-2.713	112.810	-5.393	136.691	53.777	17.026	-1.019	80.004	-22.677	71.230	62.669	-7.323	33.393	71.309	-20.919	97.757
53.114	57.904	-3.863	113.183	-4.256	136.690	53.746	17.071	-1.397	80.190	-21.758	71.391	62.672	-7.229	33.409	71.066	-20.983	97.776
53.010	57.899	-5.006	113.679	-3.069	136.723	53.713	17.102	-1.775	80.331	-20.887	71.562	62.680	-7.145	33.411	70.813	-21.033	97.798
52.929	57.838	-6.121	114.131	-1.854	136.747	53.678	17.132	-2.131	80.480	-20.065	71.693	62.675	-7.061	33.437	70.549	-21.091	97.790
52.865	57.737	-7.216	114.591	-0.663	136.728	53.642	17.148	-2.482	80.587	-19.300	71.801	62.685	-6.965	33.444	70.302	-21.112	97.821
52.768	57.653	-8.250	115.117	0.501	136.615	53.607	17.165	-2.812	80.682	-18.577	71.857	62.682	-6.863	33.470	70.083	-21.139	97.808
52.669	57.536	-9.312	115.675	1.697	136.538	53.574	17.158	-3.142	80.737	-17.888	71.873	62.695	-6.810	33.454	69.776	-21.178	97.893
52.570	57.407	-10.323	116.216	2.910	136.382	53.536	17.163	-3.462	80.800	-17.234	71.838	62.710	-6.703	33.449	69.566	-21.135	97.943
52.497	57.252	-11.278	116.739	4.093	136.184	53.503	17.148	-3.762	80.836	-16.626	71.721	62.705	-6.622	33.465	69.342	-21.135	97.971
52.405	57.087	-12.228	117.309	5.343	135.973	53.467	17.130	-4.046	80.869	-16.056	71.540	62.710	-6.541	33.457	69.134	-21.120	98.033
52.306	56.924	-13.167	117.896	6.595	135.769	53.431	17.112	-4.321	80.902	-15.501	71.283	62.725	-6.426	33.439	68.955	-21.060	98.108
52.192	56.779	-14.011	118.514	7.840	135.469	53.391	17.097	-4.582	80.954	-14.976	70.968	62.723	-6.327	33.459	68.801	-21.024	98.134
52.113	56.576	-14.910	119.117	9.151	135.220	53.358	17.061	-4.844	80.966	-14.473	70.608	62.725	-6.248	33.449	68.605	-20.988	98.204
52.024	56.378	-15.748	119.755	10.474	134.919	53.317	17.033	-5.093	81.030	-13.973	70.203	62.718	-6.165	33.457	68.427	-20.949	98.238
51.956	56.162	-16.540	120.383	11.789	134.532	53.279	16.985	-5.326	81.082	-13.496	69.753	62.741	-6.081	33.421	68.225	-20.898	98.365
51.852	55.969	-17.313	121.096	13.126	134.108	53.241	16.942	-5.558	81.156	-13.036	69.296	62.738	-5.994	33.424	68.075	-20.848	98.410
51.770	55.750	-18.067	121.833	14.513	133.646	53.198	16.899	-5.771	81.281	-12.590	68.811	62.748	-5.903	33.401	67.927	-20.797	98.507
51.702	55.509	-18.786	122.562	15.956	133.090	53.157	16.843	-5.994	81.412	-12.149	68.353	62.748	-5.827	33.393	67.768	-20.730	98.552
51.618	55.273	-19.497	123.337	17.416	132.506	53.111	16.787	-6.193	81.578	-11.746	67.881	62.746	-5.758	33.383	67.630	-20.676	98.624
51.524	55.034	-20.198	124.197	18.950	131.882	53.061	16.739	-6.393	81.797	-11.359	67.432	62.751	-5.646	33.381	67.551	-20.621	98.658
51.463	54.762	-20.879	125.023	20.548	131.172	53.017	16.665	-6.574	82.019	-11.013	66.956	62.748	-5.578	33.365	67.427	-20.595	98.727
51.394	54.506	-21.516	125.895	22.196	130.391	52.969	16.591	-6.761	82.269	-10.670	66.497	62.751	-5.499	33.348	67.303	-20.560	98.789
51.341	54.234	-22.131	126.730	23.921	129.485	52.921	16.513	-6.932	82.552	-10.376	66.009	62.748	-5.428	33.335	67.177	-20.545	98.853
51.275	53.970	-22.728	127.582	25.677	128.530	52.870	16.439	-7.089	82.876	-10.110	65.483	62.751	-5.347	33.325	67.082	-20.518	98.886
51.234	53.668	-23.317	128.392	27.572	127.510	52.814	16.355	-7.249	83.209	-9.869	64.937	62.758	-5.288	33.302	66.970	-20.499	98.949
51.194	53.373	-23.876	129.188	29.479	126.410	52.758	16.279	-7.396	83.573	-9.674	64.343	62.751	-5.197	33.304	66.907	-20.490	98.952
51.166	53.061	-24.463	129.970	31.528	125.297	52.705	16.185	-7.539	83.917	-9.505	63.716	62.756	-5.128	33.284	66.826	-20.463	99.000
51.138	52.758	-24.968	130.700	33.580	124.017	52.649	16.101	-7.666	84.282	-9.373	63.054	62.748	-5.044	33.292	66.761	-20.453	98.988
51.123	52.441	-25.479	131.446	35.697	122.725	52.591	16.012	-7.795	84.640	-9.265	62.387	62.751	-4.996	33.271	66.636	-20.465	99.037
51.112	52.126	-25.959	132.176	37.848	121.380	52.532	15.939	-7.907	85.031	-9.189	61.696	62.733	-4.917	33.297	66.592	-20.455	98.999
51.117	51.780	-26.457	132.926	40.032	120.050	52.474	15.857	-8.014	85.400	-9.148	61.018	62.735	-4.836	33.284	66.544	-20.409	99.027
51.133	51.458	-26.894	133.648	42.218	118.635	52.418	15.768	-8.118	85.736	-9.127	60.370	62.733	-4.775	33.287	66.477	-20.362	99.050
51.153	51.117	-27.328	134.446	44.437	117.256	52.357	15.697	-8.214	86.103	-9.119	59.744	62.733	-4.727	33.271	66.394	-20.333	99.114
51.204	50.764	-27.727	135.229	46.640	115.891	52.299	15.616	-8.303	86.426	-9.142	59.158	62.735	-4.671	33.259	66.344	-20.285	99.189
51.262	50.406	-28.095	136.051	48.841	114.551	52.243	15.537	-8.379	86.737	-9.180	58.599	62.728	-4.623	33.266	66.304	-20.243	99.233
51.316	50.079	-28.430	136.931	50.991	113.245	52.184	15.474	-8.451	87.060	-9.249	58.086	62.708	-4.554	33.294	66.292	-20.188	99.256
51.420	49.710	-28.740	137.809	53.130	112.040	52.126	15.397	-8.514	87.338	-9.319	57.616	62.705	-4.496	33.287	66.268	-20.113	99.338
51.493	49.380	-29.030	138.814	55.210	110.934	52.070	15.326	-8.567	87.608	-9.406	57.174	62.695	-4.445	33.294	66.244	-20.035	99.415
51.615	49.012	-29.301	139.796	57.271	109.937	52.012	15.258	-8.621	87.862	-9.498	56.795	62.697	-4.399	33.284	66.220	-19.946	99.554
51.755	48.669	-29.502	140.819	59.330	108.978	51.951	15.194	-8.661	88.117	-9.580	56.463	62.669	-4.366	33.317	66.189	-19.891	99.620
51.869	48.334	-29.738	142.000	61.255	108.279	51.890	15.136	-8.700	88.368	-9.659	56.196	62.669	-4.288	33.310	66.208	-19.752	99.735
52.001	48.031	-29.903	143.166	63.148	107.593	51.831	15.072	-8.720	88.613	-9.735	55.965	62.659	-4.252	33.317	66.189	-19.670	99.840
52.161	47.701	-30.048	144.350	64.999	107.053	51.770	15.006	-8.740	88.857	-9.798	55.806	62.639	-4.221	33.335	66.164	-19.590	99.919
52.349	47.386	-30.160	145.409	66.801	106.513	51.709	14.940	-8.745	89.111	-9.884	55.669	62.629	-4.171	33.350	66.159	-19.498	100.005
52.515	47.089	-30.290	146.646	68.519	106.196	51.643	14.872	-8.753	89.371	-9.966	55.564	62.621	-4.158	33.350	66.098	-19.392	100.106
52.705	46.774	-30.394	147.838	70.193	105.955	51.575	14.806	-8.760	89.645	-10.062	55.487	62.603	-4.115	33.365	66.110	-19.296	100.170
52.895	46.505	-30.455	148.918	71.822	105.664	51.509	14.742	-8.750	89.944	-10.189	55.403	62.591	-4.067	33.396	66.138	-19.189	100.211
53.091	46.228	-30.508	149.952	73.379	105.429	51.435	14.674	-8.740	90.238	-10.334	55.326	62.578	-4.049	33.398	66.117	-19.102	100.293
53.274	45.997	-30.556	150.990	74.887	105.235	51.369	14.602	-8.715	90.535	-10.482	55.231	62.570	-4.011	33.409	66.141	-18.978	100.359
53.470	45.766	-30.594	151.979	76.325	105.081	51.295	14.531	-8.697	90.830	-10.644	55.168	62.553	-3.983	33.424	66.168	-18.895	100.424
53.675	45.542	-30.597	152.629	77.697	104.679	51.224	14.470	-8.666	91.139	-10.817	55.092	62.535	-3.947	33.447	66.217	-18.795	100.462
53.894	45.321	-30.582	153.122	79.054	104.201	51.158	14.402	-8.626	91.420	-11.005	55.015	62.517	-3.927	33.477	66.258	-18.717	100.508
54.099	45.123	-30.582	153.455	80.319	103.587	51.092	14.336	-8.583	91.689	-11.187	54.943	62.514	-3.929	33.470	66.240	-18.643	100.620
54.303	44.953	-30.536	153.172	81.535	102.399	51.029	14.262	-8.542	91.919	-11.366	54.895	62.504	-3.904	33.487	66.282	-18.571	100.681
54.491	44.785	-30.549	153.174	82.655	101.563	50.970	14.196	-8.501	92.131	-11.537	54.874	62.492	-3.886	33.500	66.323	-18.515	100.743
54.724	44.620	-30.477	151.475	83.758	99.128	50.919	14.127	-8.451	92.316	-11.714	54.864	62.476	-3.891	33.520	66.340	-18.457	100.785
54.905	44.498	-30.447	149.463	84.731	96.360	50.869	14.067	-8.402	92.475	-11.887	54.887	62.481	-3.848	33.510	66.412	-18.376	100.853
55.113	44.366	-30.396	145.441	85.670	91.687	50.828	13.998	-8.352	92.589	-12.054	54.934	62.474	-3.823	33.520	66.490	-18.324	100.864
55.326	44.260	-30.315	138.081	86.485	83.726	50.792	13.929	-8.308	92.670	-12.215	55.022	62.454	-3.815	33.548	66.526	-18.296	100.820
55.519	44.166	-30.244	127.309	87.124	72.395	50.757	13.871	-8.255	92.764	-12.373	55.112	62.436	-3.800	33.564	66.574	-18.272	100.809
55.743	44.056	-30.175	111.569	87.560	56.198	50.726	13.815	-8.207	92.841	-12.527	55.222	62.428	-3.797	33.571	66.599	-18.232	100.811
55.949	43.970	-30.096	92.279	87.683	36.460	50.701	13.759	-8.161	92.906	-12.663	55.336	62.418	-3.785	33.579	66.637	-18.219	100.810
56.147	43.922	-30.002	74.461	87.492	18.204	50.676	13.708	-8.118	92.974	-12.790	55.444	62.400	-3.790	33.591	66.626	-18.207	100.806
56.355	43.845	-29.916	60.780	87.127	4.133	50.653	13.658	-8.087	93.028	-12.908	55.558	62.398	-3.777	33.589	66.655	-18.164	100.837
56.563	43.764	-29.850	51.147	86.678	-5.836	50.632	13.607	-8.049	93.073	-13.023	55.632	62.395	-3.767	33.589	66.677	-18.122	100.862
56.774	43.741	-29.710	45.249	86.037	-12.122	50.612	13.569	-8.006	93.139	-13.135	55.667	62.380	-3.759	33.607	66.711	-18.102	100.843
56.993	43.673	-29.629	40.741	85.496	-16.975	50.597	13.528	-7.973	93.178	-13.240	55.689	62.370	-3.757	33.612	66.743	-18.077	100.844
57.198	43.630	-29.543	37.461	84.921	-20.633	50.584	13.487	-7.945	93.201	-13.348	55.694	62.372	-3.762	33.594	66.762	-18.033	100.881
57.417	43.574	-29.472	35.101	84.362	-23.376	50.574	13.465	-7.910	93.242	-13.450	55.649	62.365	-3.764	33.604	66.792	-17.994	100.876
57.610	43.576	-29.362	33.642	83.749	-25.291	50.569	13.434	-7.871	93.245	-13.549	55.582	62.349	-3.754	33.617	66.859	-17.957	100.868
57.843	43.523	-29.251	32.046	83.103	-27.278	50.564	13.411	-7.846	93.241	-13.644	55.519	62.352	-3.754	33.599	66.884	-17.900	100.941
58.054	43.518	-29.134	31.130	82.471	-28.672	50.564	13.399	-7.816	93.239	-13.737	55.433	62.342	-3.744	33.607	66.938	-17.866	100.950
58.293	43.449	-29.053	30.116	81.863	-30.093	50.566	13.381	-7.793	93.219	-13.820	55.336	62.337	-3.759	33.609	66.961	-17.832	100.999
58.509	43.439	-28.953	29.531	81.229	-31.186	50.576	13.360	-7.767	93.188	-13.903	55.215	62.334	-3.759	33.607	67.017	-17.772	101.052
58.778	43.360	-28.829	28.626	80.562	-32.514	50.587	13.353	-7.737	93.164	-13.986	55.074	62.334	-3.769	33.594	67.041	-17.726	101.122
58.992	43.337	-28.755	28.306	79.982	-33.326	50.599	13.335	-7.722	93.117	-14.068	54.931	62.329	-3.774	33.597	67.107	-17.676	101.130
59.233	43.315	-28.613	27.842	79.322	-34.270	50.617	13.335	-7.691	93.100	-14.154	54.748	62.324	-3.777	33.597	67.164	-17.630	101.125
59.444	43.312	-28.514	27.526	78.751	-35.120	50.635	13.322	-7.671	93.049	-14.244	54.567	62.319	-3.787	33.594	67.219	-17.616	101.078
59.687	43.236	-28.453	26.911	78.265	-36.167	50.658	13.315	-7.645	93.015	-14.320	54.374	62.314	-3.813	33.579	67.239	-17.603	101.030
59.919	43.195	-28.354	26.452	77.767	-37.103	50.678	13.317	-7.623	92.985	-14.419	54.179	62.299	-3.815	33.589	67.333	-17.587	100.876
60.147	43.165	-28.232	25.954	77.284	-38.079	50.706	13.312	-7.602	92.937	-14.517	53.993	62.296	-3.823	33.571	67.358	-17.571	100.801
60.368	43.144	-28.115	25.613	76.847	-38.882	50.731	13.320	-7.577	92.902	-14.626	53.785	62.283	-3.856	33.564	67.368	-17.587	100.716
60.594	43.089	-28.016	25.102	76.472	-39.791	50.759	13.330	-7.554	92.868	-14.738	53.582	62.286	-3.868	33.541	67.380	-17.563	100.660
60.800	43.081	-27.904	24.720	76.128	-40.617	50.792	13.338	-7.518	92.817	-14.850	53.363	62.278	-3.889	33.525	67.396	-17.560	100.590
61.034	43.012	-27.821	24.039	75.840	-41.610	50.828	13.348	-7.498	92.760	-14.967	53.183	62.273	-3.922	33.515	67.425	-17.542	100.505
61.222	42.997	-27.729	23.459	75.575	-42.547	50.863	13.363	-7.470	92.708	-15.079	52.995	62.273	-3.962	33.500	67.441	-17.527	100.440
61.438	42.934	-27.630	22.741	75.311	-43.503	50.899	13.376	-7.455	92.624	-15.189	52.846	62.283	-3.985	33.467	67.498	-17.507	100.400
61.623	42.896	-27.574	22.129	75.144	-44.338	50.937	13.401	-7.435	92.563	-15.291	52.690	62.276	-4.000	33.465	67.585	-17.497	100.308
61.826	42.837	-27.498	21.540	74.907	-45.200	50.975	13.419	-7.419	92.497	-15.399	52.526	62.278	-4.016	33.444	67.642	-17.480	100.237
62.004	42.890	-27.335	21.255	74.726	-45.646	51.029	13.454	-7.371	92.404	-15.537	52.375	62.276	-4.084	33.414	67.707	-17.491	100.133
62.172	42.847	-27.254	20.615	74.595	-46.354	51.069	13.472	-7.343	92.319	-15.621	52.270	62.268	-4.084	33.426	67.820	-17.491	99.982
62.324	42.847	-27.168	20.366	74.498	-46.747	51.110	13.500	-7.315	92.237	-15.721	52.161	62.271	-4.092	33.419	67.912	-17.487	99.834
62.502	42.796	-27.107	19.918	74.429	-47.278	51.156	13.526	-7.290	92.145	-15.811	52.076	62.278	-4.145	33.386	67.942	-17.521	99.700
62.664	42.784	-27.015	19.712	74.324	-47.595	51.199	13.553	-7.267	92.057	-15.896	52.004	62.278	-4.183	33.363	68.001	-17.535	99.499
62.835	42.756	-26.932	19.638	74.251	-47.775	51.245	13.581	-7.242	91.968	-15.977	51.920	62.283	-4.199	33.343	68.110	-17.551	99.262
62.984	42.728	-26.873	19.686	74.213	-47.801	51.288	13.612	-7.209	91.904	-16.056	51.821	62.276	-4.257	33.327	68.149	-17.607	99.033
63.127	42.763	-26.739	20.137	74.084	-47.485	51.328	13.647	-7.170	91.850	-16.127	51.713	62.271	-4.295	33.322	68.213	-17.649	98.795
63.264	42.791	-26.624	20.577	73.975	-47.180	51.366	13.678	-7.140	91.790	-16.182	51.621	62.281	-4.321	33.304	68.292	-17.662	98.575
63.419	42.771	-26.543	20.931	73.900	-46.902	51.407	13.708	-7.109	91.745	-16.236	51.502	62.271	-4.376	33.312	68.337	-17.721	98.325
63.523	42.829	-26.434	21.540	73.809	-46.440	51.443	13.744	-7.071	91.718	-16.288	51.374	62.276	-4.404	33.284	68.407	-17.731	98.126
63.680	42.812	-26.312	21.932	73.707	-46.116	51.478	13.774	-7.038	91.699	-16.328	51.228	62.281	-4.448	33.277	68.479	-17.790	97.933
63.797	42.850	-26.177	22.671	73.604	-45.539	51.516	13.797	-7.005	91.678	-16.354	51.059	62.291	-4.481	33.249	68.562	-17.827	97.774
63.901	42.908	-26.027	23.401	73.529	-44.998	51.549	13.828	-6.970	91.692	-16.385	50.858	62.281	-4.547	33.261	68.612	-17.894	97.550
63.995	42.984	-25.878	24.175	73.486	-44.436	51.580	13.861	-6.929	91.733	-16.425	50.613	62.296	-4.580	33.238	68.710	-17.925	97.394
64.087	43.005	-25.771	24.715	73.536	-44.073	51.610	13.886	-6.901	91.764	-16.446	50.357	62.296	-4.641	33.228	68.787	-17.976	97.217
64.178	43.061	-25.608	25.553	73.570	-43.472	51.643	13.912	-6.858	91.802	-16.486	50.034	62.296	-4.679	33.233	68.901	-18.011	97.015
64.252	43.134	-25.425	26.469	73.614	-42.803	51.679	13.934	-6.820	91.827	-16.543	49.710	62.314	-4.724	33.205	69.015	-18.046	96.857
64.298	43.236	-25.240	27.450	73.688	-42.157	51.712	13.962	-6.784	91.850	-16.606	49.375	62.324	-4.780	33.190	69.124	-18.077	96.680
64.328	43.345	-25.039	28.681	73.775	-41.241	51.747	13.993	-6.736	91.855	-16.707	49.028	62.329	-4.813	33.190	69.276	-18.107	96.446
64.379	43.439	-24.821	30.030	73.849	-40.157	51.788	14.023	-6.690	91.805	-16.828	48.720	62.339	-4.869	33.172	69.398	-18.133	96.242
64.386	43.566	-24.590	31.568	73.936	-38.899	51.831	14.051	-6.632	91.723	-16.980	48.429	62.344	-4.910	33.167	69.559	-18.150	96.028
64.381	43.711	-24.361	33.262	74.005	-37.464	51.882	14.084	-6.563	91.603	-17.170	48.176	62.349	-4.978	33.162	69.693	-18.169	95.831
64.384	43.853	-24.079	35.278	74.032	-35.631	51.940	14.102	-6.487	91.413	-17.395	47.979	62.357	-5.011	33.147	69.886	-18.175	95.645
64.341	43.998	-23.840	37.520	74.087	-33.527	52.001	14.130	-6.413	91.191	-17.653	47.865	62.367	-5.100	33.124	69.996	-18.169	95.488
64.300	44.186	-23.525	39.978	74.054	-31.213	52.065	14.158	-6.317	90.934	-17.958	47.769	62.385	-5.138	33.096	70.183	-18.166	95.354
64.244	44.374	-23.228	42.651	74.021	-28.597	52.139	14.186	-6.208	90.652	-18.316	47.708	62.377	-5.202	33.109	70.343	-18.158	95.185
64.158	44.592	-22.890	45.641	73.898	-25.677	52.210	14.219	-6.096	90.358	-18.694	47.688	62.390	-5.250	33.091	70.511	-18.142	95.070
64.061	44.798	-22.588	48.837	73.782	-22.504	52.288	14.237	-5.972	90.021	-19.107	47.678	62.395	-5.309	33.073	70.656	-18.142	94.966
63.955	45.034	-22.189	52.149	73.492	-19.226	52.367	14.262	-5.829	89.699	-19.551	47.673	62.403	-5.347	33.056	70.824	-18.113	94.846
63.812	45.288	-21.821	55.728	73.177	-15.710	52.448	14.277	-5.677	89.361	-20.016	47.668	62.413	-5.400	33.043	70.959	-18.086	94.734
63.685	45.542	-21.410	59.231	72.712	-12.266	52.527	14.290	-5.519	89.036	-20.490	47.690	62.423	-5.451	33.028	71.107	-18.075	94.632
63.574	45.781	-20.950	62.718	72.103	-8.851	52.606	14.305	-5.352	88.729	-20.981	47.707	62.423	-5.514	33.023	71.254	-18.061	94.511
63.414	46.073	-20.483	66.244	71.362	-5.489	52.682	14.308	-5.169	88.434	-21.483	47.720	62.431	-5.573	33.012	71.400	-18.054	94.393
63.294	46.309	-19.982	69.491	70.469	-2.361	52.756	14.310	-4.983	88.147	-21.994	47.752	62.436	-5.624	33.002	71.553	-18.036	94.293
63.124	46.617	-19.456	72.600	69.486	0.504	52.827	14.303	-4.780	87.866	-22.517	47.796	62.441	-5.674	32.987	71.685	-18.032	94.180
62.941	46.927	-18.910	75.550	68.383	3.261	52.893	14.298	-4.575	87.622	-23.047	47.871	62.459	-5.702	32.972	71.830	-17.994	94.083
62.771	47.201	-18.351	78.082	67.224	5.681	52.956	14.277	-4.366	87.370	-23.593	48.004	62.469	-5.753	32.964	71.958	-17.972	93.976
62.608	47.468	-17.752	80.241	66.046	7.906	53.017	14.252	-4.145	87.132	-24.153	48.184	62.492	-5.806	32.929	72.035	-17.923	93.925
62.420	47.732	-17.104	82.646	65.485	10.364	53.071	14.224	-3.907	86.924	-24.729	48.413	62.494	-5.860	32.926	72.144	-17.905	93.826
62.238	47.859	-16.411	84.867	65.685	13.107	53.124	14.183	-3.653	86.720	-25.330	48.686	62.504	-5.906	32.918	72.252	-17.838	93.748
62.103	48.003	-15.664	85.894	64.918	13.980	53.170	14.122	-3.404	86.499	-25.935	49.042	62.517	-5.944	32.893	72.368	-17.778	93.693
61.963	48.202	-14.920	86.656	63.830	14.923	53.208	14.069	-3.142	86.303	-26.572	49.437	62.514	-5.994	32.903	72.489	-17.719	93.573
61.816	48.415	-14.227	87.644	62.584	16.156	53.241	14.000	-2.868	86.109	-27.225	49.866	62.532	-6.043	32.883	72.603	-17.641	93.520
61.681	48.623	-13.444	88.619	61.137	17.607	53.264	13.927	-2.591	85.935	-27.890	50.345	62.550	-6.093	32.857	72.689	-17.582	93.448
61.526	48.819	-12.662	89.735	59.561	18.949	53.279	13.853	-2.306	85.819	-28.560	50.847	62.568	-6.126	32.837	72.816	-17.514	93.353
61.351	49.042	-11.854	91.064	57.613	20.214	53.289	13.764	-2.007	85.742	-29.241	51.354	62.578	-6.193	32.824	72.902	-17.454	93.212
61.186	49.261	-10.958	91.822	55.519	20.470	53.294	13.658	-1.697	85.698	-29.917	51.860	62.593	-6.231	32.802	73.014	-17.406	93.103
61.034	49.494	-10.051	92.317	53.395	20.454	53.287	13.551	-1.389	85.713	-30.566	52.392	62.611	-6.269	32.791	73.163	-17.345	92.969
60.899	49.698	-9.093	92.726	51.195	20.777	53.269	13.439	-1.072	85.800	-31.195	52.896	62.624	-6.320	32.771	73.271	-17.316	92.868
60.721	49.903	-8.092	93.081	49.007	21.302	53.243	13.322	-0.754	85.921	-31.814	53.395	62.654	-6.378	32.736	73.375	-17.288	92.806
60.538	50.122	-7.026	93.399	46.731	21.963	53.208	13.193	-0.424	86.074	-32.439	53.892	62.652	-6.426	32.756	73.513	-17.266	92.656
60.368	50.300	-5.946	93.686	44.345	22.782	53.167	13.051	-0.097	86.240	-33.068	54.419	62.682	-6.444	32.725	73.689	-17.248	92.590
60.175	50.508	-4.882	94.063	41.922	23.648	53.119	12.908	0.221	86.436	-33.685	54.992	62.695	-6.500	32.720	73.825	-17.267	92.484
60.013	50.663	-3.713	94.124	39.438	24.156	53.066	12.756	0.561	86.671	-34.325	55.552	62.708	-6.563	32.715	73.917	-17.267	92.392
59.873	50.767	-2.586	94.154	36.987	24.621	53.005	12.603	0.881	86.932	-34.968	56.177	62.718	-6.617	32.710	74.048	-17.290	92.302
59.685	50.897	-1.389	94.198	34.530	24.973	52.941	12.446	1.219	87.250	-35.631	56.774	62.741	-6.657	32.690	74.176	-17.277	92.252
59.512	50.975	-0.178	94.224	32.125	25.347	52.878	12.273	1.554	87.547	-36.321	57.412	62.751	-6.703	32.697	74.322	-17.282	92.165
59.332	51.018	1.041	94.257	29.806	25.789	52.812	12.093	1.885	87.846	-37.046	58.065	62.768	-6.746	32.685	74.449	-17.284	92.119
59.164	51.003	2.332	94.225	27.551	26.249	52.746	11.908	2.228	88.145	-37.820	58.703	62.779	-6.797	32.697	74.577	-17.300	92.059
58.951	50.978	3.617	94.324	25.374	26.825	52.682	11.717	2.563	88.431	-38.634	59.337	62.794	-6.853	32.687	74.699	-17.289	92.035
58.738	50.904	4.897	94.495	23.281	27.479	52.621	11.514	2.903	88.717	-39.487	59.937	62.809	-6.911	32.687	74.821	-17.291	92.013
58.478	50.823	6.195	94.747	21.262	28.157	52.563	11.313	3.246	89.031	-40.373	60.493	62.837	-6.947	32.669	74.962	-17.259	92.022
58.232	50.663	7.518	94.970	19.257	28.865	52.509	11.105	3.576	89.328	-41.285	61.046	62.847	-6.995	32.672	75.104	-17.240	92.002
57.960	50.490	8.816	95.296	17.341	29.618	52.461	10.892	3.907	89.623	-42.228	61.564	62.865	-7.056	32.669	75.234	-17.242	92.009
57.661	50.284	10.150	95.662	15.427	30.352	52.421	10.665	4.239	89.917	-43.208	62.019	62.883	-7.094	32.677	75.400	-17.221	92.004
57.351	50.018	11.494	96.042	13.550	31.086	52.380	10.444	4.569	90.221	-44.214	62.409	62.908	-7.145	32.649	75.528	-17.191	92.059
57.023	49.736	12.832	96.479	11.710	31.838	52.349	10.216	4.897	90.491	-45.259	62.746	62.921	-7.181	32.664	75.693	-17.162	92.053
56.675	49.398	14.188	96.943	9.893	32.616	52.324	9.987	5.217	90.748	-46.331	63.014	62.941	-7.254	32.664	75.801	-17.141	92.090
56.299	49.047	15.514	97.500	8.144	33.448	52.306	9.751	5.540	90.970	-47.424	63.197	62.967	-7.280	32.652	75.966	-17.098	92.152
55.908	48.644	16.891	98.100	6.370	34.280	52.294	9.512	5.870	91.194	-48.527	63.284	62.969	-7.346	32.685	76.098	-17.091	92.153
55.517	48.186	18.258	98.716	4.624	35.144	52.288	9.274	6.180	91.373	-49.628	63.339	63.015	-7.376	32.647	76.254	-17.023	92.280
55.075	47.719	19.624	99.444	2.897	36.083	52.286	9.037	6.497	91.581	-50.725	63.274	63.043	-7.412	32.642	76.408	-16.973	92.356
54.663	47.165	20.996	100.128	1.148	37.050	52.291	8.791	6.810	91.739	-51.831	63.170	63.058	-7.440	32.662	76.570	-16.925	92.395
54.214	46.586	22.377	100.896	-0.590	38.051	52.301	8.545	7.115	91.903	-52.938	63.008	63.076	-7.496	32.662	76.689	-16.900	92.480
53.769	45.974	23.731	101.689	-2.353	39.136	52.316	8.283	7.414	92.056	-54.049	62.786	63.109	-7.546	32.649	76.806	-16.881	92.599
53.304	45.329	25.090	102.511	-4.078	40.233	52.332	8.034	7.701	92.238	-55.143	62.535	63.139	-7.577	32.642	76.924	-16.832	92.707
52.847	44.620	26.459	103.357	-5.880	41.403	52.347	7.780	7.983	92.419	-56.241	62.293	63.182	-7.602	32.616	77.047	-16.806	92.835
52.372	43.889	27.838	104.242	-7.668	42.582	52.367	7.508	8.260	92.593	-57.299	62.057	63.208	-7.668	32.624	77.111	-16.820	92.930
51.913	43.083	29.215	105.128	-9.495	43.829	52.382	7.242	8.534	92.804	-58.335	61.835	63.241	-7.701	32.616	77.192	-16.827	93.048
51.430	42.261	30.584	106.070	-11.331	45.135	52.398	6.977	8.788	92.975	-59.357	61.744	63.264	-7.734	32.629	77.280	-16.842	93.122
50.955	41.397	31.941	107.047	-13.168	46.512	52.408	6.708	9.040	93.177	-60.347	61.680	63.294	-7.770	32.629	77.349	-16.903	93.222
50.462	40.488	33.312	108.066	-15.038	47.869	52.413	6.434	9.294	93.424	-61.303	61.653	63.345	-7.783	32.614	77.423	-16.925	93.342
50.008	39.517	34.648	109.074	-16.916	49.324	52.415	6.154	9.533	93.641	-62.247	61.725	63.376	-7.826	32.609	77.454	-17.016	93.439
49.563	38.494	35.977	110.109	-18.823	50.806	52.415	5.872	9.764	93.869	-63.153	61.872	63.424	-7.828	32.609	77.530	-17.073	93.536
49.096	37.452	37.300	111.218	-20.719	52.287	52.410	5.591	9.982	94.076	-64.053	62.121	63.467	-7.877	32.586	77.516	-17.180	93.667
48.656	36.337	38.613	112.337	-22.684	53.781	52.398	5.306	10.208	94.361	-64.940	62.345	63.500	-7.897	32.591	77.557	-17.270	93.763
48.245	35.169	39.886	113.468	-24.697	55.299	52.388	5.004	10.422	94.592	-65.822	62.645	63.546	-7.943	32.578	77.544	-17.405	93.900
47.821	33.978	41.143	114.704	-26.717	56.768	52.370	4.712	10.630	94.922	-66.703	62.929	63.586	-7.953	32.568	77.569	-17.516	94.010
47.399	32.751	42.385	116.023	-28.787	58.184	52.352	4.415	10.833	95.276	-67.581	63.220	63.642	-7.965	32.550	77.588	-17.641	94.169
47.018	31.455	43.579	117.335	-30.912	59.602	52.332	4.097	11.041	95.641	-68.481	63.505	63.683	-8.004	32.548	77.584	-17.782	94.295
46.665	30.119	44.719	118.696	-33.068	60.981	52.309	3.787	11.234	96.045	-69.406	63.806	63.729	-8.034	32.535	77.576	-17.922	94.437
46.289	28.738	45.862	120.231	-35.275	62.175	52.288	3.477	11.425	96.483	-70.331	64.106	63.767	-8.052	32.540	77.610	-18.056	94.562
45.931	27.328	46.949	121.859	-37.506	63.302	52.266	3.172	11.620	97.035	-71.260	64.326	63.815	-8.095	32.520	77.579	-18.214	94.740
45.616	25.890	47.965	123.594	-39.742	64.339	52.245	2.860	11.796	97.570	-72.193	64.589	63.858	-8.110	32.527	77.619	-18.341	94.871
45.296	24.409	48.966	125.503	-41.975	65.178	52.227	2.545	11.974	98.200	-73.147	64.769	63.906	-8.128	32.525	77.656	-18.475	95.045
45.004	22.903	49.901	127.541	-44.172	65.872	52.210	2.225	12.141	98.849	-74.094	64.938	63.957	-8.176	32.494	77.643	-18.594	95.261
44.755	21.366	50.752	129.739	-46.349	66.401	52.197	1.928	12.304	99.568	-75.040	65.078	63.998	-8.186	32.497	77.689	-18.699	95.405
44.508	19.822	51.559	132.133	-48.456	66.681	52.182	1.623	12.466	100.401	-75.982	65.084	64.046	-8.207	32.499	77.706	-18.803	95.561
44.262	18.240	52.329	134.849	-50.469	66.565	52.169	1.323	12.619	101.330	-76.911	64.994	64.089	-8.227	32.502	77.748	-18.895	95.721
44.064	16.680	53.010	137.692	-52.336	66.266	52.159	1.019	12.748	102.249	-77.845	64.881	64.145	-8.270	32.471	77.739	-18.992	95.918
43.889	15.077	53.632	140.782	-54.101	65.563	52.151	0.719	12.878	103.341	-78.768	64.558	64.198	-8.278	32.461	77.791	-19.060	96.086
43.716	13.503	54.193	144.104	-55.686	64.517	52.141	0.432	13.010	104.726	-79.665	63.921	64.244	-8.288	32.466	77.843	-19.123	96.206
43.591	11.943	54.681	147.598	-57.095	63.189	52.136	0.142	13.122	106.140	-80.568	63.207	64.300	-8.306	32.446	77.877	-19.197	96.367
43.442	10.373	55.138	151.360	-58.281	61.413	52.131	-0.150	13.228	107.837	-81.450	62.186	64.346	-8.326	32.446	77.903	-19.250	96.499
43.307	8.827	55.542	155.308	-59.238	59.325	52.126	-0.437	13.330	109.979	-82.317	60.706	64.407	-8.346	32.415	77.916	-19.308	96.686
43.203	7.272	55.883	159.362	-60.011	56.955	52.118	-0.726	13.429	112.631	-83.163	58.682	64.442	-8.374	32.436	77.948	-19.372	96.796
43.124	5.763	56.162	163.380	-60.562	54.481	52.113	-1.008	13.518	115.984	-83.988	55.941	64.491	-8.382	32.436	77.984	-19.428	96.953
43.053	4.272	56.391	167.482	-60.925	51.805	52.106	-1.290	13.599	120.249	-84.776	52.267	64.544	-8.405	32.415	77.991	-19.472	97.130
42.992	2.776	56.581	171.522	-61.080	49.014	52.095	-1.575	13.686	126.134	-85.526	46.961	64.590	-8.423	32.410	78.010	-19.518	97.304
42.921	1.359	56.746	175.475	-61.012	46.259	52.088	-1.854	13.757	134.250	-86.217	39.420	64.646	-8.423	32.403	78.027	-19.565	97.478
42.875	-0.074	56.855	179.295	-60.821	43.486	52.078	-2.126	13.825	145.567	-86.805	28.690	64.686	-8.443	32.413	78.035	-19.623	97.631
42.832	-1.460	56.937	-177.061	-60.468	40.796	52.067	-2.418	13.889	161.242	-87.232	13.556	64.734	-8.468	32.410	78.030	-19.670	97.794
42.807	-2.809	56.985	-173.610	-60.026	38.214	52.055	-2.697	13.957	-179.272	-87.387	-5.358	64.785	-8.499	32.408	78.017	-19.742	97.982
42.809	-4.128	56.980	-170.357	-59.500	35.745	52.042	-2.982	14.016	-159.511	-87.248	-24.562	64.813	-8.494	32.451	78.048	-19.786	98.070
42.799	-5.420	56.967	-167.294	-58.878	33.399	52.034	-3.284	14.064	-142.718	-86.844	-40.822	64.864	-8.519	32.449	78.028	-19.837	98.247
42.794	-6.670	56.934	-164.496	-58.165	31.261	52.024	-3.566	14.112	-130.289	-86.237	-52.676	64.920	-8.517	32.446	78.039	-19.902	98.420
42.814	-7.897	56.868	-161.867	-57.438	29.252	52.019	-3.861	14.158	-121.264	-85.508	-61.141	64.966	-8.537	32.456	78.009	-19.953	98.565
42.840	-9.088	56.784	-159.442	-56.643	27.425	52.019	-4.163	14.188	-114.424	-84.709	-67.444	65.006	-8.555	32.466	77.973	-20.022	98.695
42.878	-10.254	56.683	-157.183	-55.838	25.758	52.022	-4.460	14.221	-109.244	-83.851	-72.085	65.065	-8.542	32.476	77.983	-20.086	98.850
42.916	-11.397	56.571	-155.087	-54.995	24.259	52.027	-4.752	14.252	-105.202	-82.952	-75.608	65.100	-8.588	32.484	77.903	-20.175	98.974
42.974	-12.499	56.436	-153.122	-54.134	22.905	52.040	-5.052	14.270	-101.889	-82.014	-78.445	65.146	-8.611	32.504	77.860	-20.245	99.082
43.050	-13.571	56.284	-151.261	-53.273	21.678	52.057	-5.352	14.285	-99.190	-81.058	-80.704	65.189	-8.583	32.517	77.859	-20.292	99.216
43.132	-14.623	56.129	-149.548	-52.396	20.610	52.075	-5.644	14.293	-96.945	-80.092	-82.537	65.227	-8.608	32.545	77.802	-20.374	99.322
43.228	-15.616	55.971	-147.954	-51.527	19.714	52.100	-5.928	14.295	-95.091	-79.144	-84.069	65.278	-8.603	32.553	77.765	-20.450	99.455
43.340	-16.591	55.794	-146.405	-50.650	18.875	52.126	-6.203	14.293	-93.482	-78.221	-85.385	65.319	-8.621	32.575	77.675	-20.540	99.554
43.457	-17.554	55.606	-144.906	-49.745	18.131	52.156	-6.472	14.282	-92.137	-77.333	-86.416	65.369	-8.621	32.575	77.612	-20.605	99.674
43.571	-18.489	55.425	-143.535	-48.828	17.514	52.184	-6.739	14.277	-91.167	-76.470	-87.102	65.402	-8.644	32.606	77.530	-20.709	99.745
43.713	-19.355	55.237	-142.246	-47.962	17.035	52.215	-6.995	14.262	-90.253	-75.667	-87.769	65.451	-8.626	32.626	77.487	-20.757	99.818
43.884	-20.193	55.032	-140.958	-47.108	16.592	52.248	-7.236	14.244	-89.558	-74.893	-88.273	65.499	-8.641	32.631	77.397	-20.847	99.906
44.031	-21.021	54.836	-139.823	-46.233	16.264	52.278	-7.465	14.229	-88.977	-74.161	-88.746	65.524	-8.646	32.672	77.335	-20.928	99.899
44.226	-21.831	54.610	-138.609	-45.393	15.895	52.309	-7.678	14.216	-88.474	-73.459	-89.193	65.555	-8.666	32.710	77.253	-21.006	99.930
44.392	-22.581	54.422	-137.524	-44.535	15.686	52.339	-7.884	14.204	-88.043	-72.814	-89.610	65.598	-8.666	32.718	77.180	-21.100	99.990
44.562	-23.327	54.216	-136.506	-43.669	15.512	52.367	-8.075	14.181	-87.549	-72.211	-90.111	65.631	-8.682	32.738	77.114	-21.198	100.020
44.762	-24.006	54.016	-135.457	-42.858	15.366	52.398	-8.250	14.163	-87.070	-71.648	-90.623	65.669	-8.689	32.751	77.005	-21.269	100.097
44.948	-24.696	53.815	-134.442	-42.006	15.220	52.428	-8.415	14.148	-86.606	-71.130	-91.140	65.707	-8.710	32.758	76.913	-21.398	100.186
45.156	-25.337	53.604	-133.471	-41.185	15.097	52.459	-8.567	14.130	-86.108	-70.655	-91.725	65.740	-8.707	32.774	76.873	-21.485	100.221
45.367	-25.944	53.414	-132.509	-40.392	14.996	52.489	-8.692	14.125	-85.645	-70.210	-92.316	65.768	-8.707	32.804	76.813	-21.568	100.254
45.606	-26.490	53.205	-131.508	-39.627	14.864	52.517	-8.814	14.115	-85.160	-69.795	-92.999	65.814	-8.715	32.802	76.741	-21.651	100.326
45.827	-27.028	53.023	-130.619	-38.877	14.777	52.545	-8.918	14.112	-84.699	-69.418	-93.669	65.844	-8.707	32.827	76.686	-21.718	100.358
46.055	-27.518	52.850	-129.758	-38.156	14.697	52.573	-9.004	14.112	-84.261	-69.079	-94.334	65.875	-8.712	32.845	76.618	-21.784	100.387
46.281	-27.965	52.677	-128.907	-37.443	14.602	52.601	-9.093	14.110	-83.860	-68.749	-95.005	65.893	-8.745	32.857	76.524	-21.890	100.421
46.505	-28.412	52.517	-128.094	-36.748	14.477	52.631	-9.152	14.117	-83.510	-68.464	-95.621	65.938	-8.755	32.845	76.433	-21.941	100.514
46.733	-28.771	52.385	-127.325	-36.136	14.412	52.659	-9.200	14.127	-83.154	-68.210	-96.264	65.961	-8.730	32.878	76.412	-21.974	100.508
46.954	-29.121	52.258	-126.613	-35.525	14.342	52.687	-9.233	14.148	-82.843	-67.982	-96.863	65.992	-8.750	32.878	76.310	-22.021	100.575
47.214	-29.421	52.118	-125.864	-35.006	14.201	52.720	-9.256	14.168	-82.501	-67.786	-97.505	66.015	-8.725	32.903	76.302	-22.044	100.587
47.419	-29.710	52.019	-125.236	-34.470	14.139	52.748	-9.279	14.194	-82.190	-67.610	-98.151	66.032	-8.745	32.911	76.223	-22.124	100.622
47.620	-29.990	51.933	-124.683	-33.940	14.076	52.776	-9.291	14.229	-81.853	-67.455	-98.816	66.048	-8.783	32.923	76.114	-22.197	100.637
47.856	-30.173	51.852	-124.094	-33.534	14.007	52.809	-9.281	14.257	-81.464	-67.315	-99.512	66.073	-8.788	32.926	76.078	-22.233	100.687
48.057	-30.356	51.801	-123.625	-33.112	13.995	52.837	-9.276	14.295	-81.128	-67.192	-100.170	66.088	-8.799	32.951	76.056	-22.278	100.674
48.285	-30.495	51.740	-123.112	-32.763	13.930	52.868	-9.261	14.336	-80.743	-67.075	-100.859	66.106	-8.809	32.964	76.017	-22.325	100.705
48.509	-30.592	51.709	-122.666	-32.439	13.921	52.906	-9.233	14.371	-80.325	-66.989	-101.565	66.131	-8.827	32.951	75.971	-22.372	100.766
48.694	-30.655	51.722	-122.299	-32.147	13.969	52.941	-9.205	14.412	-79.913	-66.898	-102.261	66.152	-8.852	32.939	75.906	-22.421	100.816
48.880	-30.709	51.725	-121.975	-31.872	13.985	52.977	-9.169	14.463	-79.526	-66.844	-102.919	66.164	-8.854	32.954	75.913	-22.441	100.795
49.091	-30.711	51.742	-121.647	-31.657	14.003	53.028	-9.108	14.511	-79.048	-66.803	-103.640	66.185	-8.867	32.941	75.903	-22.502	100.835
49.279	-30.686	51.775	-121.375	-31.469	14.044	53.076	-9.050	14.577	-78.647	-66.783	-104.293	66.187	-8.882	32.946	75.894	-22.528	100.841
49.423	-30.637	51.849	-121.191	-31.314	14.166	53.132	-8.969	14.643	-78.213	-66.789	-104.958	66.200	-8.900	32.944	75.873	-22.554	100.854
49.601	-30.541	51.907	-120.942	-31.219	14.205	53.185	-8.887	14.712	-77.810	-66.806	-105.608	66.200	-8.905	32.956	75.893	-22.562	100.844
49.751	-30.429	51.999	-120.827	-31.155	14.338	53.241	-8.809	14.765	-77.400	-66.830	-106.294	66.223	-8.933	32.926	75.855	-22.600	100.921
49.908	-30.254	52.098	-120.740	-31.191	14.489	53.292	-8.715	14.846	-77.081	-66.906	-106.889	66.220	-8.943	32.931	75.856	-22.612	100.909
50.033	-30.081	52.222	-120.720	-31.180	14.633	53.350	-8.613	14.907	-76.692	-66.980	-107.580	66.223	-8.969	32.926	75.843	-22.641	100.931
50.221	-29.827	52.344	-120.641	-31.288	14.693	53.411	-8.494	14.978	-76.331	-67.091	-108.243	66.233	-8.989	32.906	75.826	-22.639	100.957
50.353	-29.558	52.507	-120.730	-31.377	14.856	53.470	-8.379	15.055	-76.016	-67.222	-108.897	66.230	-9.014	32.903	75.805	-22.658	100.964
50.477	-29.240	52.700	-120.852	-31.525	15.024	53.530	-8.245	15.133	-75.687	-67.378	-109.559	66.233	-9.022	32.888	75.815	-22.661	100.991
50.604	-28.913	52.883	-121.003	-31.691	15.162	53.591	-8.105	15.210	-75.344	-67.561	-110.254	66.230	-9.035	32.883	75.837	-22.660	100.984
50.683	-28.529	53.122	-121.257	-31.909	15.405	53.652	-7.953	15.296	-75.039	-67.789	-110.922	66.225	-9.047	32.875	75.840	-22.669	100.985
50.792	-28.125	53.325	-121.516	-32.182	15.614	53.713	-7.790	15.385	-74.713	-68.043	-111.611	66.210	-9.081	32.875	75.841	-22.690	100.979
50.874	-27.686	53.571	-121.823	-32.469	15.854	53.774	-7.620	15.469	-74.392	-68.325	-112.310	66.210	-9.096	32.860	75.841	-22.708	100.969
50.960	-27.206	53.805	-122.244	-32.906	16.173	53.833	-7.445	15.558	-74.070	-68.631	-113.027	66.192	-9.141	32.852	75.813	-22.724	100.938
51.031	-26.716	54.044	-122.788	-33.387	16.517	53.896	-7.254	15.634	-73.669	-68.959	-113.833	66.180	-9.157	32.845	75.800	-22.733	100.899
51.110	-26.170	54.303	-123.355	-33.973	16.914	53.962	-7.054	15.710	-73.266	-69.327	-114.664	66.172	-9.152	32.847	75.814	-22.741	100.821
51.168	-25.578	54.574	-123.963	-34.542	17.341	54.026	-6.835	15.799	-72.912	-69.737	-115.448	66.175	-9.144	32.817	75.827	-22.741	100.769
51.211	-24.963	54.874	-124.629	-35.100	17.803	54.089	-6.607	15.885	-72.566	-70.179	-116.229	66.164	-9.172	32.802	75.773	-22.759	100.689
51.252	-24.354	55.154	-125.359	-35.701	18.230	54.155	-6.368	15.959	-72.133	-70.644	-117.117	66.152	-9.187	32.799	75.770	-22.778	100.568
51.318	-23.642	55.430	-126.114	-36.386	18.738	54.211	-6.137	16.032	-71.775	-71.143	-117.962	66.129	-9.207	32.799	75.764	-22.806	100.443
51.354	-22.924	55.723	-126.934	-37.072	19.272	54.275	-5.895	16.106	-71.357	-71.676	-118.854	66.106	-9.223	32.799	75.781	-22.816	100.355
51.392	-22.207	55.989	-127.777	-37.743	19.738	54.333	-5.626	16.172	-70.835	-72.250	-119.811	66.093	-9.243	32.769	75.766	-22.839	100.299
51.432	-21.384	56.286	-128.688	-38.488	20.342	54.397	-5.359	16.223	-70.217	-72.840	-120.860	66.083	-9.243	32.743	75.814	-22.827	100.205
51.445	-20.574	56.576	-129.690	-39.182	20.977	54.455	-5.085	16.276	-69.557	-73.470	-121.939	66.063	-9.261	32.736	75.838	-22.825	100.076
51.478	-19.698	56.845	-130.695	-39.883	21.652	54.508	-4.798	16.335	-68.853	-74.134	-123.036	66.022	-9.289	32.736	75.821	-22.848	99.922
51.509	-18.806	57.114	-131.768	-40.572	22.374	54.562	-4.524	16.368	-68.002	-74.800	-124.305	65.997	-9.317	32.718	75.806	-22.879	99.782
51.521	-17.874	57.394	-132.910	-41.250	23.200	54.618	-4.216	16.398	-66.976	-75.518	-125.698	65.982	-9.309	32.705	75.826	-22.886	99.611
51.570	-16.894	57.628	-134.035	-41.924	24.034	54.663	-3.917	16.431	-65.945	-76.262	-127.109	65.943	-9.324	32.703	75.822	-22.888	99.409
51.636	-15.875	57.841	-135.155	-42.622	24.907	54.712	-3.620	16.436	-64.643	-76.983	-128.803	65.916	-9.335	32.692	75.820	-22.908	99.223
51.671	-14.811	58.080	-136.414	-43.268	25.945	54.757	-3.315	16.447	-63.205	-77.739	-130.620	65.893	-9.345	32.672	75.842	-22.901	99.037
51.730	-13.731	58.263	-137.633	-43.953	26.968	54.803	-3.007	16.439	-61.499	-78.488	-132.714	65.867	-9.362	32.647	75.868	-22.901	98.851
51.806	-12.588	58.445	-138.923	-44.637	28.124	54.844	-2.692	16.431	-59.647	-79.248	-134.938	65.839	-9.370	32.631	75.901	-22.890	98.628
51.839	-11.443	58.631	-140.298	-45.309	29.383	54.884	-2.380	16.419	-57.434	-80.021	-137.548	65.804	-9.365	32.631	75.943	-22.872	98.409
51.887	-10.254	58.791	-141.683	-46.002	30.746	54.928	-2.073	16.386	-54.726	-80.783	-140.656	65.771	-9.370	32.621	75.967	-22.839	98.205
51.938	-9.040	58.928	-143.102	-46.698	32.177	54.968	-1.758	16.347	-51.459	-81.519	-144.308	65.728	-9.413	32.626	75.936	-22.824	98.005
52.001	-7.767	59.047	-144.561	-47.432	33.745	55.011	-1.448	16.302	-47.515	-82.236	-148.625	65.707	-9.434	32.598	75.931	-22.808	97.853
52.075	-6.510	59.126	-146.070	-48.185	35.353	55.052	-1.118	16.251	-42.584	-82.921	-153.883	65.682	-9.421	32.586	75.967	-22.746	97.699
52.149	-5.171	59.195	-147.657	-48.966	37.141	55.095	-0.795	16.182	-36.473	-83.539	-160.293	65.651	-9.436	32.565	75.990	-22.694	97.533
52.233	-3.802	59.228	-149.317	-49.767	39.069	55.133	-0.475	16.116	-28.902	-84.087	-168.132	65.613	-9.456	32.555	75.999	-22.664	97.369
52.276	-2.441	59.256	-151.147	-50.496	41.161	55.174	-0.140	16.043	-19.576	-84.522	-177.649	65.570	-9.451	32.565	76.046	-22.612	97.162
52.365	-1.044	59.225	-152.966	-51.268	43.327	55.212	0.185	15.959	-8.743	-84.775	171.356	65.540	-9.474	32.542	76.049	-22.577	97.028
52.461	0.394	59.159	-154.924	-52.045	45.633	55.253	0.513	15.862	3.045	-84.813	159.421	65.502	-9.502	32.537	76.049	-22.523	96.897
52.583	1.852	59.032	-156.976	-52.837	48.048	55.293	0.843	15.751	14.825	-84.616	147.537	65.471	-9.507	32.512	76.074	-22.454	96.814
52.667	3.312	58.903	-159.204	-53.531	50.625	55.331	1.173	15.641	25.519	-84.212	136.757	65.438	-9.500	32.515	76.126	-22.381	96.698
52.756	4.846	58.730	-161.624	-54.206	53.443	55.369	1.509	15.507	34.617	-83.598	127.588	65.413	-9.500	32.484	76.139	-22.297	96.630
52.873	6.386	58.489	-164.164	-54.871	56.349	55.397	1.864	15.390	42.368	-82.863	119.827	65.372	-9.500	32.494	76.187	-22.209	96.474
52.944	7.910	58.235	-166.838	-55.387	59.354	55.428	2.202	15.255	48.464	-82.002	113.703	65.324	-9.525	32.497	76.210	-22.133	96.325
53.073	9.497	57.889	-169.722	-55.931	62.569	55.461	2.553	15.095	53.324	-81.028	108.834	65.301	-9.528	32.459	76.237	-22.026	96.222
53.150	11.090	57.554	-172.736	-56.293	65.889	55.489	2.898	14.945	57.354	-80.008	104.791	65.260	-9.558	32.449	76.255	-21.973	96.056
53.241	12.664	57.153	-175.929	-56.616	69.328	55.517	3.249	14.775	60.638	-78.935	101.485	65.232	-9.550	32.428	76.313	-21.886	95.906
53.348	14.275	56.688	-179.260	-56.826	72.920	55.542	3.592	14.590	63.275	-77.818	98.800	65.204	-9.576	32.395	76.337	-21.866	95.755
53.470	15.872	56.154	177.205	-56.951	76.641	55.565	3.957	14.402	65.574	-76.660	96.476	65.166	-9.568	32.385	76.390	-21.785	95.551
53.543	17.546	55.603	173.595	-56.856	80.519	55.585	4.318	14.204	67.528	-75.477	94.480	65.131	-9.563	32.375	76.453	-21.722	95.389
53.632	19.172	54.999	169.949	-56.635	84.359	55.606	4.676	13.998	69.236	-74.276	92.736	65.093	-9.581	32.372	76.477	-21.653	95.232
53.751	20.823	54.295	166.161	-56.303	88.377	55.621	5.032	13.785	70.776	-73.041	91.141	65.062	-9.614	32.349	76.451	-21.591	95.134
53.858	22.413	53.589	162.442	-55.789	92.253	55.641	5.387	13.564	72.123	-71.793	89.719	65.037	-9.629	32.329	76.481	-21.544	95.045
53.962	24.036	52.809	158.707	-55.093	96.173	55.659	5.758	13.322	73.293	-70.506	88.465	65.009	-9.629	32.319	76.531	-21.466	94.939
54.072	25.613	51.999	155.031	-54.221	99.996	55.674	6.119	13.071	74.466	-69.177	87.169	64.971	-9.629	32.334	76.599	-21.430	94.797
54.150	27.249	51.130	151.396	-53.153	103.827	55.690	6.485	12.819	75.552	-67.836	85.955	64.935	-9.647	32.324	76.627	-21.380	94.701
54.221	28.887	50.216	147.795	-51.849	107.566	55.705	6.853	12.555	76.333	-66.510	85.022	64.915	-9.655	32.322	76.660	-21.313	94.592
54.308	30.498	49.230	144.298	-50.409	111.169	55.717	7.216	12.281	76.903	-65.179	84.254	64.897	-9.670	32.291	76.679	-21.256	94.522
54.419	32.037	48.191	140.876	-48.887	114.616	55.730	7.584	11.996	77.451	-63.830	83.494	64.864	-9.695	32.296	76.680	-21.222	94.393
54.519	33.581	47.109	137.635	-47.121	117.845	55.743	7.958	11.697	77.950	-62.462	82.763	64.844	-9.685	32.291	76.749	-21.156	94.309
54.600	35.108	45.999	134.580	-45.184	120.825	55.756	8.321	11.374	78.344	-61.080	82.105	64.828	-9.703	32.271	76.783	-21.117	94.242
54.722	36.599	44.785	131.630	-43.136	123.660	55.766	8.689	11.059	78.795	-59.707	81.345	64.813	-9.710	32.255	76.811	-21.057	94.194
54.778	38.090	43.584	129.016	-40.919	126.138	55.776	9.050	10.734	79.186	-58.348	80.598	64.775	-9.716	32.273	76.895	-20.975	94.094
54.869	39.517	42.291	126.489	-38.641	128.477	55.783	9.408	10.386	79.529	-56.986	79.868	64.762	-9.731	32.258	76.937	-20.906	94.088
54.963	40.912	40.952	124.161	-36.257	130.568	55.789	9.759	10.056	79.889	-55.656	79.056	64.737	-9.746	32.271	77.004	-20.803	94.005
55.032	42.263	39.611	122.136	-33.886	132.295	55.794	10.112	9.700	80.193	-54.344	78.304	64.719	-9.759	32.273	77.035	-20.730	93.971
55.128	43.579	38.163	120.208	-31.504	133.888	55.801	10.434	9.335	80.392	-53.067	77.575	64.704	-9.764	32.271	77.127	-20.603	93.942
55.225	44.808	36.723	118.406	-29.118	135.184	55.804	10.782	8.961	80.608	-51.808	76.861	64.689	-9.766	32.263	77.156	-20.467	93.893
55.326	45.987	35.260	116.648	-26.703	136.402	55.806	11.102	8.598	80.801	-50.613	76.101	64.663	-9.787	32.288	77.144	-20.375	93.810
55.443	47.114	33.736	114.950	-24.304	137.695	55.811	11.417	8.219	80.959	-49.421	75.346	64.643	-9.802	32.299	77.220	-20.292	93.783
55.555	48.194	32.177	113.309	-21.996	139.114	55.819	11.720	7.838	81.112	-48.259	74.567	64.638	-9.797	32.286	77.314	-20.206	93.803
55.646	49.225	30.604	111.779	-19.763	140.581	55.824	12.017	7.463	81.247	-47.141	73.773	64.618	-9.787	32.306	77.366	-20.125	93.778
55.743	50.195	29.012	110.394	-17.648	141.906	55.837	12.294	7.079	81.343	-46.061	72.972	64.615	-9.782	32.299	77.362	-20.043	93.801
55.804	51.100	27.417	109.171	-15.686	142.924	55.844	12.576	6.706	81.480	-45.021	72.117	64.605	-9.771	32.314	77.392	-19.955	93.802
55.900	51.907	25.766	107.969	-13.828	143.662	55.860	12.832	6.332	81.593	-43.996	71.247	64.582	-9.776	32.337	77.398	-19.900	93.801
55.977	52.677	24.094	106.893	-12.088	144.028	55.875	13.091	5.939	81.682	-42.982	70.421	64.577	-9.761	32.339	77.424	-19.848	93.895
56.070	53.330	22.449	105.859	-10.537	144.103	55.888	13.332	5.568	81.760	-42.001	69.593	64.564	-9.726	32.367	77.469	-19.798	93.942
56.147	53.919	20.851	104.990	-9.144	143.960	55.905	13.553	5.197	81.796	-41.009	68.821	64.549	-9.713	32.388	77.445	-19.776	93.982
56.213	54.486	19.215	104.299	-7.886	143.850	55.928	13.769	4.831	81.803	-40.015	68.114	64.536	-9.703	32.398	77.396	-19.768	94.030
56.238	55.011	17.640	103.786	-6.801	143.727	55.951	13.970	4.445	81.795	-39.002	67.493	64.544	-9.642	32.395	77.412	-19.732	94.074
56.274	55.448	16.139	103.362	-5.989	143.623	55.979	14.161	4.072	81.813	-37.964	66.909	64.531	-9.606	32.423	77.386	-19.732	94.084
56.297	55.921	14.613	102.818	-4.940	143.491	56.004	14.354	3.691	81.790	-36.949	66.291	64.529	-9.543	32.438	77.368	-19.719	94.114
56.365	56.228	12.913	102.560	-4.735	143.408	56.053	14.524	3.231	81.763	-35.598	65.939	64.531	-9.515	32.441	77.256	-19.779	94.154
56.388	56.454	11.707	102.333	-4.573	143.206	56.081	14.656	2.908	81.789	-34.666	65.679	64.519	-9.441	32.476	77.184	-19.805	94.132
56.370	56.713	10.394	102.075	-4.463	142.784	56.111	14.808	2.532	81.788	-33.594	65.459	64.521	-9.401	32.494	77.043	-19.857	94.122
56.358	56.926	9.040	101.822	-4.434	142.283	56.149	14.943	2.136	81.767	-32.477	65.366	64.529	-9.335	32.479	76.829	-19.947	94.138
56.337	57.112	7.711	101.568	-4.521	141.662	56.185	15.070	1.735	81.760	-31.319	65.404	64.536	-9.258	32.507	76.593	-20.061	94.108
56.304	57.254	6.416	101.333	-4.650	140.875	56.223	15.184	1.334	81.745	-30.160	65.564	64.554	-9.174	32.497	76.316	-20.216	94.121
56.258	57.368	5.136	101.132	-4.828	139.987	56.256	15.304	0.947	81.794	-28.992	65.769	64.557	-9.101	32.525	76.035	-20.344	94.067
56.233	57.429	3.940	100.944	-5.058	138.882	56.291	15.392	0.541	81.792	-27.807	66.053	64.559	-9.030	32.545	75.750	-20.506	94.027
56.190	57.475	2.741	100.789	-5.297	137.447	56.322	15.471	0.135	81.811	-26.628	66.339	64.577	-8.969	32.530	75.453	-20.656	94.031
56.137	57.490	1.575	100.653	-5.572	135.826	56.342	15.555	-0.257	81.880	-25.477	66.620	64.577	-8.870	32.565	75.207	-20.798	93.952
56.093	57.468	0.437	100.577	-5.724	134.066	56.355	15.621	-0.655	81.941	-24.358	66.931	64.587	-8.771	32.588	74.959	-20.917	93.898
