APELLIDO APELLIDO, NOMBRE
5/12/2016 8:43:50 PM
Configurar #6

  TIEMPO    FUERZA ROTACIONAL   POSICIÓN    POS (ANAT)    VELOCIDAD
  mSeg       N-M    Grados      Grados        º/SEG.
     0       0.0      197.2          115          0.0
    10       0.9      197.2          115          0.2
    20       1.6      197.2          115          0.2
    30      15.6      197.2          115          1.0
    40      32.0      197.2          115          2.3
    50      55.3      197.1          115         12.7
    60      58.9      196.8          114         32.4
    70      72.7      196.2          114         68.6
    80      75.0      195.4          113         95.8
    90      64.4      194.2          112        117.6
   100      68.6      192.7          110        145.6
   110      68.6      190.8          108        174.9
   120      81.6      188.6          106        210.5
   130      88.5      186.5          104        211.3
   140      95.2      184.4          102        211.6
   150      99.8      182.3          100        211.9
   160     106.7      180.1           98        211.9
   170     114.3      178.0           96        212.9
   180     121.6      175.9           93        213.2
   190     124.9      173.8           91        212.7
   200     122.6      171.6           89        212.1
   210     117.6      169.5           87        211.3
   220     113.4      167.4           85        210.8
   230     112.3      165.3           83        211.1
   240     114.7      163.2           81        210.8
   250     119.2      161.1           79        211.3
   260     124.8      159.0           77        211.3
   270     129.0      156.8           74        211.6
   280     130.7      154.7           72        211.1
   290     130.7      152.6           70        211.6
   300     129.1      150.5           68        210.8
   310     126.4      148.4           66        210.8
   320     122.4      146.3           64        210.3
   330     118.5      144.2           62        209.7
   340     115.1      142.1           60        210.0
   350     110.8      140.0           58        210.0
   360     105.9      137.9           55        209.5
   370      98.7      135.8           53        208.9
   380      91.4      133.7           51        208.9
   390      85.2      131.6           49        209.2
   400      77.3      129.5           47        208.7
   410      69.2      127.5           45        208.4
   420      61.4      125.4           43        208.1
   430      61.0      123.5           41        172.2
   440      74.4      121.9           39        147.4
   450      77.8      120.7           38         99.0
   460      74.3      119.8           37         81.7
   470      55.6      119.1           37         65.4
   480      44.6      118.7           36         43.6
   490      33.8      118.4           36         31.4
   500      22.9      118.1           36         22.3
   510      17.8      117.9           35         17.5
   520      17.8      117.8           35         13.0
   530     -32.5      117.7           35          8.5
   540     -25.5      117.7           35         -3.1
   550     -28.5      117.9           35        -21.0
   560     -33.8      118.3           36        -44.7
   570     -23.2      119.0           37        -70.8
   580     -16.0      120.0           38        -92.1
   590      -6.1      121.1           39       -108.8
   600      -3.5      122.4           40       -120.5
   610     -16.3      123.9           41       -131.7
   620     -33.8      125.5           43       -164.7
   630     -41.0      127.4           45       -193.5
   640     -47.6      129.5           47       -210.0
   650     -55.5      131.6           49       -210.5
   660     -58.6      133.7           51       -211.1
   670     -58.7      135.8           53       -211.1
   680     -60.5      137.9           55       -211.3
   690     -57.8      140.0           58       -210.8
   700     -55.9      142.1           60       -210.5
   710     -58.6      144.2           62       -210.5
   720     -60.1      146.3           64       -210.5
   730     -58.6      148.5           66       -210.8
   740     -58.9      150.6           68       -210.5
   750     -57.2      152.7           70       -210.5
   760     -56.5      154.8           72       -210.5
   770     -56.3      156.9           74       -210.0
   780     -55.9      159.0           77       -210.0
   790     -54.2      161.1           79       -210.3
   800     -51.9      163.2           81       -209.7
   810     -48.5      165.3           83       -208.9
   820     -44.2      167.4           85       -208.9
   830     -39.7      169.4           87       -208.9
   840     -35.4      171.5           89       -208.9
   850     -31.5      173.6           91       -208.9
   860     -25.1      175.7           93       -208.4
   870     -20.2      177.8           95       -208.4
   880     -13.8      179.9           97       -208.4
   890      -9.4      182.0          100       -208.4
   900      -4.1      184.0          102       -208.1
   910       0.0      186.1          104       -208.4
   920       0.0      188.2          106       -208.4
   930       0.0      190.3          108       -206.0
   940       0.0      192.0          110       -164.7
   950      -1.1      193.3          111       -110.4
   960      -4.2      194.3          112       -101.1
   970       0.0      195.0          113        -68.6
   980       0.0      195.6          113        -55.6
   990       0.0      196.0          114        -37.8
  1000      47.9      196.3          114        -25.2
  1010      72.7      196.3          114          9.3
  1020     110.5      195.9          113         46.5
  1030     102.0      195.2          113         92.6
  1040      78.5      193.9          111        129.9
  1050      73.8      192.0          110        202.8
  1060      85.2      190.0          108        231.8
  1070     102.0      187.8          105        212.1
  1080     105.2      185.7          103        212.4
  1090     103.7      183.6          101        211.9
  1100     109.0      181.5           99        211.3
  1110     120.3      179.3           97        212.7
  1120     126.2      177.2           95        212.7
  1130     120.0      175.1           93        212.1
  1140     110.2      173.0           91        210.8
  1150     105.9      170.9           88        210.5
  1160     106.4      168.8           86        210.5
  1170     106.6      166.7           84        210.5
  1180     106.2      164.6           82        210.5
  1190     109.8      162.4           80        210.8
  1200     113.4      160.3           78        210.8
  1210     115.0      158.2           76        211.1
  1220     116.3      156.1           74        211.1
  1230     116.6      154.0           72        210.8
  1240     115.5      151.9           69        211.1
  1250     114.4      149.8           67        211.1
  1260     111.2      147.7           65        210.3
  1270     108.2      145.6           63        210.3
  1280     106.4      143.5           61        209.7
  1290     103.5      141.4           59        210.0
  1300     100.2      139.3           57        210.0
  1310      97.6      137.2           55        209.7
  1320      93.3      135.1           53        209.5
  1330      87.6      133.0           51        209.2
  1340      81.6      130.9           48        209.7
  1350      75.5      128.8           46        208.9
  1360      69.2      126.7           44        208.4
  1370      62.6      124.7           42        187.4
  1380      72.0      122.9           40        157.8
  1390      82.7      121.4           39        133.9
  1400      85.7      120.3           38         89.1
  1410      74.4      119.5           37         73.2
  1420      57.0      119.0           37         53.2
  1430      40.8      118.5           36         42.3
  1440      31.1      118.2           36         27.4
  1450      19.3      118.0           36         19.7
  1460     -19.0      117.9           35         15.4
  1470     -23.5      117.8           35         11.1
  1480     -69.2      117.7           35          1.3
  1490     -30.9      117.9           35        -23.6
  1500     -47.6      118.3           36        -50.0
  1510     -35.7      119.0           37        -85.1
  1520     -18.0      120.1           38       -116.8
  1530      -6.2      121.5           39       -123.5
  1540      -0.7      122.9           40       -134.9
  1550     -15.3      124.5           42       -144.8
  1560     -39.1      126.3           44       -180.2
  1570     -47.9      128.3           46       -206.8
  1580     -61.8      130.5           48       -211.6
  1590     -66.7      132.6           50       -212.1
  1600     -65.4      134.7           52       -211.3
  1610     -64.4      136.8           54       -211.3
  1620     -59.8      138.9           56       -210.8
  1630     -55.2      141.0           59       -210.3
  1640     -58.4      143.1           61       -210.3
  1650     -63.3      145.2           63       -210.5
  1660     -65.9      147.3           65       -210.8
  1670     -65.4      149.4           67       -210.8
  1680     -62.2      151.6           69       -210.5
  1690     -57.6      153.7           71       -210.5
  1700     -57.0      155.8           73       -210.0
  1710     -58.2      157.9           75       -210.0
  1720     -60.1      160.0           78       -210.0
  1730     -59.5      162.1           80       -210.3
  1740     -56.4      164.2           82       -210.0
  1750     -50.4      166.3           84       -209.2
  1760     -44.5      168.4           86       -208.7
  1770     -40.3      170.4           88       -208.7
  1780     -35.9      172.5           90       -208.7
  1790     -33.5      174.6           92       -208.7
  1800     -28.7      176.7           94       -208.7
  1810     -21.6      178.8           96       -208.4
  1820     -13.4      180.9           98       -208.4
  1830      -6.1      183.0          101       -208.1
  1840      -0.9      185.0          103       -208.1
  1850       0.0      187.1          105       -208.1
  1860       0.0      189.2          107       -208.1
  1870       0.0      191.2          109       -210.5
  1880      -1.8      192.6          110       -143.4
  1890      -9.5      193.9          111       -117.6
  1900      -9.2      194.7          112        -72.1
  1910       0.0      195.3          113        -59.1
  1920       0.0      195.8          113        -38.8
  1930       0.0      196.1          114        -31.6
  1940      56.7      196.3          114        -11.9
  1950      80.4      196.2          114         16.7
  1960     110.4      195.8          113         51.1
  1970      97.2      194.8          112        121.6
  1980      70.2      193.4          111        157.3
  1990      74.0      191.5          109        174.6
  2000      90.4      189.4          107        193.8
  2010     101.4      187.2          105        212.4
  2020     102.2      185.1          103        212.4
  2030     105.2      182.9          100        211.6
  2040     112.4      180.8           98        211.9
  2050     123.5      178.7           96        212.7
  2060     123.3      176.6           94        212.9
  2070     112.5      174.4           92        211.6
  2080     103.5      172.3           90        210.5
  2090     102.9      170.2           88        210.5
  2100     102.6      168.1           86        210.5
  2110     102.5      166.0           84        210.8
  2120     106.0      163.9           81        210.5
  2130     111.3      161.8           79        211.1
  2140     113.6      159.7           77        211.1
  2150     115.3      157.6           75        211.3
  2160     117.7      155.5           73        211.1
  2170     118.2      153.4           71        211.3
  2180     117.7      151.2           69        211.1
  2190     117.7      149.1           67        211.1
  2200     116.1      147.0           65        210.8
  2210     114.3      144.9           62        210.5
  2220     113.8      142.8           60        210.5
  2230     113.2      140.7           58        210.5
  2240     112.0      138.6           56        210.5
  2250     109.3      136.5           54        210.0
  2260     106.0      134.4           52        210.0
  2270     100.1      132.3           50        210.0
  2280      92.2      130.2           48        209.2
  2290      82.6      128.1           46        208.9
  2300      72.0      126.0           44        208.4
  2310      62.9      124.0           42        222.8
  2320      76.1      122.4           40        160.7
  2330      80.8      121.0           39        132.0
  2340      79.5      120.1           38         89.1
  2350      61.6      119.4           37         65.4
  2360      46.1      118.9           36         47.1
  2370      31.3      118.5           36         33.2
  2380      21.3      118.2           36         24.2
  2390     -18.8      118.0           36         17.3
  2400     -23.5      117.9           35         11.4
  2410     -65.2      117.8           35          0.7
  2420     -57.5      118.0           36        -30.3
  2430     -63.7      118.6           36        -77.4
  2440     -31.9      119.7           37       -128.3
  2450      -4.5      121.1           39       -161.3
  2460       0.0      122.7           40       -174.6
  2470      -1.8      124.3           42       -180.4
  2480     -38.9      126.0           44       -192.2
  2490     -57.0      128.0           46       -203.3
  2500     -75.3      130.1           48       -212.7
  2510     -80.5      132.2           50       -212.4
  2520     -74.6      134.4           52       -211.6
  2530     -64.8      136.5           54       -211.1
  2540     -57.0      138.6           56       -210.3
  2550     -53.7      140.7           58       -209.7
  2560     -62.4      142.8           60       -210.5
  2570     -72.0      144.9           62       -210.8
  2580     -76.6      147.0           65       -211.3
  2590     -74.4      149.1           67       -211.3
  2600     -68.6      151.2           69       -211.1
  2610     -61.6      153.3           71       -210.5
  2620     -58.6      155.4           73       -209.7
  2630     -60.3      157.5           75       -209.7
  2640     -63.2      159.6           77       -210.3
  2650     -64.8      161.7           79       -210.5
  2660     -62.0      163.8           81       -210.3
  2670     -55.3      165.9           83       -209.7
  2680     -48.4      168.0           86       -209.2
  2690     -42.7      170.1           88       -208.9
  2700     -38.8      172.2           90       -208.9
  2710     -35.1      174.3           92       -208.4
  2720     -30.5      176.4           94       -208.4
  2730     -24.0      178.5           96       -208.4
  2740     -16.0      180.6           98       -208.1
  2750      -7.6      182.6          100       -208.4
  2760      -2.2      184.7          102       -207.9
  2770       0.0      186.8          104       -207.9
  2780       0.0      188.9          106       -208.1
  2790       0.0      190.8          108       -177.3
  2800      -1.1      192.5          110       -163.9
  2810      -7.2      193.6          111       -112.6
  2820      -7.1      194.5          112        -84.3
  2830       0.0      195.2          113        -55.3
  2840       0.0      195.7          113        -45.7
  2850       0.0      196.1          114        -30.0
  2860      56.0      196.3          114        -14.9
  2870      79.5      196.2          114         19.7
  2880     104.7      195.8          113         53.7
  2890     100.6      194.8          112        117.6
  2900      80.4      193.4          111        155.7
  2910      83.1      191.5          109        177.8
  2920      94.1      189.4          107        191.1
  2930      97.6      187.2          105        212.1
  2940      96.1      185.1          103        211.9
  2950     103.5      182.9          100        212.1
  2960     111.5      180.8           98        212.1
  2970     121.5      178.7           96        212.9
  2980     119.2      176.6           94        212.9
  2990     110.1      174.5           92        211.3
  3000     105.1      172.3           90        210.8
  3010     105.4      170.2           88        210.8
  3020     103.3      168.1           86        210.8
  3030     103.9      166.0           84        210.8
  3040     107.0      163.9           81        210.8
  3050     110.6      161.8           79        211.1
  3060     113.5      159.7           77        210.8
  3070     116.5      157.6           75        211.3
  3080     118.1      155.5           73        211.1
  3090     118.9      153.3           71        211.3
  3100     117.8      151.2           69        211.1
  3110     118.0      149.1           67        211.1
  3120     117.6      147.0           65        210.8
  3130     117.0      144.9           62        210.8
  3140     115.8      142.8           60        210.5
  3150     114.0      140.7           58        210.8
  3160     112.0      138.6           56        210.5
  3170     110.0      136.5           54        210.0
  3180     108.1      134.4           52        210.0
  3190     104.1      132.3           50        210.0
  3200      96.7      130.2           48        209.5
  3210      88.0      128.1           46        208.9
  3220      79.2      126.0           44        208.7
  3230      71.7      124.0           42        223.0
  3240      85.2      122.3           40        161.5
  3250      94.4      121.0           39        132.5
  3260      94.0      120.0           38         89.4
  3270      75.9      119.3           37         65.2
  3280      56.4      118.8           36         46.8
  3290      35.3      118.4           36         32.7
  3300      26.0      118.2           36         23.4
  3310     -19.5      118.0           36         16.7
  3320     -20.3      117.9           35         10.9
  3330     -47.5      117.8           35          8.7
  3340     -35.0      117.8           35        -10.1
  3350     -54.1      118.1           36        -40.4
  3360     -48.8      118.8           36        -80.9
  3370     -27.8      119.8           37       -125.1
  3380      -6.0      121.2           39       -155.2
  3390       0.0      122.7           40       -169.8
  3400     -12.3      124.3           42       -179.4
  3410     -40.0      126.1           44       -196.7
  3420     -55.6      128.1           46       -206.8
  3430     -69.6      130.2           48       -212.1
  3440     -76.6      132.3           50       -212.1
  3450     -72.8      134.4           52       -211.9
  3460     -67.4      136.6           54       -211.1
  3470     -60.2      138.7           56       -210.3
  3480     -56.8      140.8           58       -209.7
  3490     -62.8      142.9           60       -210.3
  3500     -71.7      145.0           63       -210.8
  3510     -75.3      147.1           65       -211.1
  3520     -74.7      149.2           67       -211.1
  3530     -70.2      151.3           69       -211.1
  3540     -66.0      153.4           71       -210.5
  3550     -65.0      155.5           73       -210.0
  3560     -66.0      157.6           75       -210.0
  3570     -68.7      159.7           77       -210.3
  3580     -69.6      161.8           79       -210.5
  3590     -65.0      163.9           81       -210.3
  3600     -57.9      166.0           84       -209.5
  3610     -50.3      168.1           86       -209.2
  3620     -45.0      170.2           88       -208.9
  3630     -41.5      172.3           90       -208.9
  3640     -37.8      174.4           92       -208.7
  3650     -33.4      176.5           94       -208.4
  3660     -27.3      178.6           96       -208.4
  3670     -19.0      180.6           98       -208.4
  3680     -10.7      182.7          100       -208.1
  3690      -3.5      184.8          102       -207.9
  3700       0.0      186.9          104       -207.9
  3710       0.0      189.0          107       -208.1
  3720       0.0      191.0          109       -215.9
  3730      -2.4      192.5          110       -149.0
  3740     -11.1      193.7          111       -111.8
  3750     -12.5      194.6          112        -74.8
  3760       0.0      195.3          113        -61.7
  3770       0.0      195.8          113        -40.4
  3780       0.0      196.1          114        -33.0
  3790      41.8      196.4          114        -17.8
  3800      72.7      196.3          114          8.7
  3810     107.5      196.0          114         47.3
  3820      97.4      195.2          113         90.7
  3830      80.7      194.0          112        126.9
  3840      77.3      192.2          110        200.1
  3850      81.2      190.1          108        231.6
  3860      91.0      188.0          106        232.9
  3870      93.8      185.9          103        211.9
  3880     100.1      183.7          101        211.9
  3890     110.4      181.6           99        212.1
  3900     123.1      179.5           97        212.9
  3910     122.6      177.4           95        212.7
  3920     112.8      175.2           93        211.9
  3930     105.5      173.1           91        210.8
  3940     103.2      171.0           89        210.8
  3950     101.0      168.9           86        210.5
  3960     101.4      166.8           84        210.8
  3970     103.3      164.7           82        210.8
  3980     107.0      162.6           80        211.1
  3990     109.2      160.5           78        211.1
  4000     111.3      158.4           76        211.1
  4010     113.8      156.3           74        211.1
  4020     115.7      154.1           72        211.3
  4030     116.5      152.0           70        211.3
  4040     116.3      149.9           67        211.1
  4050     115.8      147.8           65        211.1
  4060     113.6      145.7           63        210.5
  4070     112.0      143.6           61        210.5
  4080     110.8      141.5           59        210.5
  4090     109.6      139.4           57        210.5
  4100     108.8      137.3           55        210.0
  4110     104.4      135.2           53        209.7
  4120      97.1      133.1           51        209.5
  4130      89.6      131.0           49        209.7
  4140      80.3      128.9           46        208.9
  4150      72.1      126.8           44        208.4
  4160      63.3      124.8           42        187.4
  4170      70.6      122.9           40        160.0
  4180      80.7      121.5           39        135.5
  4190      82.3      120.4           38         90.5
  4200      70.4      119.6           37         74.2
  4210      52.5      119.0           37         54.0
  4220      35.4      118.6           36         34.6
  4230      24.7      118.3           36         27.6
  4240     -18.8      118.1           36         19.9
  4250     -20.6      117.9           35         13.0
  4260     -84.1      117.8           35          5.8
  4270     -64.7      118.0           36        -26.8
  4280     -76.6      118.6           36        -79.3
  4290     -32.5      119.7           37       -135.7
  4300      -3.5      121.2           39       -170.9
  4310       0.0      122.8           40       -183.6
  4320      -0.8      124.5           42       -187.6
  4330     -41.5      126.3           44       -198.3
  4340     -60.1      128.3           46       -206.8
  4350     -82.7      130.4           48       -213.2
  4360     -84.3      132.6           50       -212.7
  4370     -71.6      134.7           52       -211.6
  4380     -57.4      136.8           54       -210.3
  4390     -47.6      138.9           56       -209.2
  4400     -47.3      141.0           59       -209.2
  4410     -58.4      143.1           61       -210.5
  4420     -68.1      145.2           63       -211.1
  4430     -70.0      147.3           65       -211.1
  4440     -64.4      149.4           67       -210.8
  4450     -58.0      151.5           69       -210.3
  4460     -53.3      153.6           71       -210.0
  4470     -51.4      155.7           73       -209.7
  4480     -53.3      157.8           75       -209.5
  4490     -56.1      159.9           77       -209.7
  4500     -57.1      162.0           80       -210.0
  4510     -52.9      164.1           82       -210.0
  4520     -46.5      166.2           84       -209.2
  4530     -38.8      168.3           86       -208.7
  4540     -33.1      170.4           88       -208.7
  4550     -29.2      172.5           90       -208.7
  4560     -25.4      174.6           92       -208.4
  4570     -20.9      176.6           94       -208.4
  4580     -15.7      178.7           96       -208.4
  4590      -9.5      180.8           98       -208.4
  4600      -3.8      182.9          100       -208.4
  4610       0.0      185.0          103       -208.4
  4620       0.0      187.1          105       -208.4
  4630       0.0      189.1          107       -208.4
  4640       0.0      191.1          109       -212.1
  4650       0.0      192.6          110       -144.0
  4660       0.0      193.8          111        -95.5
  4670      11.3      194.6          112        -77.7
  4680      32.7      195.2          113        -48.7
  4690      55.6      195.6          113        -28.2
  4700     100.2      195.5          113         14.1
  4710      96.4      195.1          113         55.1
