# Accelerometer Values
# filename:  Acelerometro__7.txt
# Saving start time: Wed Nov 04 19:55:34 CET 2015

# sensor resolution: 5.985504E-4m/s^2
#Sensorvendor: STMicroelectronics, name: K330 3-axis Accelerometer, type: 1,version : 1, range 19.6133

# X value, Y value, Z value, time diff in ms
0.034 0.776 9.786 9
-0.116 0.851 9.841 11
-0.288 0.851 9.977 9
-0.334 0.849 10.174 11
-0.274 0.93 10.306 9
-0.223 0.925 10.281 11
-0.107 0.918 10.043 9
-0.118 0.879 9.944 12
-0.152 0.898 9.886 8
-0.198 0.866 9.892 11
-0.266 0.909 9.907 9
-0.292 0.926 9.856 11
-0.154 0.945 9.701 9
-0.061 0.966 9.565 11
-0.005 0.952 9.581 9
0.011 0.956 9.774 12
0.008 1.031 10.012 8
0.005 1.028 10.249 11
0.023 0.955 10.228 9
0.031 0.93 10.133 11
0.137 0.94 10.182 9
0.366 0.83 9.651 11
0.412 0.782 8.705 9
0.444 1.477 10.047 11
0.278 1.397 10.815 9
-0.296 1.007 10.599 12
-0.604 0.669 10.209 8
-0.442 0.596 9.651 11
-0.101 0.8 9.269 9
-0.049 0.844 9.29 11
-0.133 0.806 9.475 9
-0.257 0.881 9.732 11
-0.292 0.973 10.078 9
-0.275 0.981 10.335 12
-0.295 0.905 10.489 8
-0.267 0.949 10.749 11
0.061 0.842 10.691 9
0.193 0.742 10.277 11
0.249 0.736 9.888 9
0.442 0.925 9.919 11
0.344 1.107 10.209 9
0.079 1.133 10.311 12
-0.224 1.084 10.341 8
-0.156 0.989 10.471 12
-0.021 0.907 10.598 8
0.189 1.03 10.556 11
0.259 1.267 10.248 9
0.143 1.382 10.082 13
-0.005 1.232 9.759 7
-0.168 1.186 9.135 11
-0.189 1.164 8.242 9
0.062 1.064 9.566 13
0.163 1.015 9.764 7
-0.351 1.033 9.874 12
-0.387 1.124 10.075 8
-0.075 1.299 10.0 11
0.116 1.307 9.947 9
0.347 1.158 9.667 11
0.472 1.109 9.72 9
0.606 1.219 9.892 12
0.666 1.367 10.344 8
0.611 1.456 10.676 12
0.441 1.347 10.659 8
0.594 1.474 10.57 11
0.59 1.627 10.213 9
0.328 1.503 9.713 12
-0.105 1.391 9.524 8
-0.33 1.351 9.538 12
-0.214 1.331 9.397 8
-0.066 1.226 9.385 13
-0.11 1.203 9.586 8
-0.15 1.234 9.685 11
-0.023 1.262 9.761 9
0.309 1.288 9.777 11
0.691 1.377 9.863 9
0.918 1.457 10.052 10
0.824 1.306 10.418 9
0.327 0.939 10.773 12
0.03 0.69 10.943 9
0.175 0.84 10.876 11
0.441 1.026 10.567 9
0.742 1.21 10.05 10
0.864 1.37 9.827 10
0.882 1.519 10.101 11
0.752 1.362 10.349 9
0.618 1.244 10.465 11
0.415 1.105 10.464 9
0.39 0.978 10.235 12
0.484 1.073 10.061 8
0.511 1.167 9.813 11
0.542 1.156 9.481 9
0.545 1.079 9.242 11
0.411 1.027 9.062 9
0.342 1.097 9.136 10
0.299 1.121 9.369 10
0.284 1.18 9.663 11
0.272 1.226 9.909 9
0.445 1.255 9.768 12
0.439 1.064 10.022 8
0.31 0.815 10.05 10
0.168 0.893 10.184 10
0.184 1.188 10.283 11
0.059 1.266 10.674 9
-0.46 0.421 12.58 11
-0.314 1.201 9.876 9
-0.149 1.843 9.08 12
0.134 1.977 8.64 8
-0.298 1.495 8.839 11
-0.699 1.291 9.419 9
-0.464 1.461 10.02 11
-0.035 1.61 10.344 9
0.129 1.727 10.302 11
0.126 1.75 10.226 9
0.203 1.711 10.107 11
0.397 1.649 10.062 9
0.773 1.726 10.026 12
0.698 2.017 10.102 8
1.422 1.908 10.072 11
0.074 2.011 8.844 9
-0.602 1.875 7.767 11
0.009 1.614 8.544 9
-0.02 1.555 9.369 11
-0.171 1.8 9.666 9
-0.682 1.717 9.772 12
-0.892 1.431 9.795 8
-0.672 1.386 10.154 11
-0.152 1.364 10.576 9
-0.092 1.357 10.581 11
-0.156 1.269 10.654 9
-0.169 1.109 10.56 11
0.08 1.212 10.185 9
0.498 1.4 9.984 11
0.83 1.394 10.135 9
0.787 1.546 10.425 12
0.41 1.602 10.876 8
-0.275 1.161 10.948 11
-0.591 0.749 10.503 9
-0.231 1.031 10.029 11
0.211 1.277 10.219 9
0.304 1.341 10.549 11
0.014 1.4 10.633 9
-0.24 1.252 10.508 12
-0.238 1.246 9.894 8
-0.082 1.558 9.047 12
-0.247 1.553 9.138 8
-0.384 1.611 9.393 11
-0.543 1.64 9.797 9
-0.664 1.509 9.993 11
-0.597 1.553 9.607 9
-0.291 1.741 9.024 12
-0.038 1.798 8.726 9
0.038 1.801 8.834 11
0.074 1.754 9.171 8
0.223 1.879 9.558 11
0.456 1.98 9.686 9
0.679 1.994 9.621 12
0.633 1.991 9.5 8
0.39 1.899 9.034 11
-0.706 1.829 10.049 9
-1.407 1.818 12.241 13
-0.597 2.11 11.255 7
0.505 2.178 10.785 12
0.912 2.489 11.001 8
0.881 2.539 11.508 11
0.61 2.369 11.578 9
0.44 2.235 11.118 11
0.536 2.144 10.488 9
0.721 2.093 10.013 12
0.949 2.042 9.494 8
0.84 2.094 9.454 12
0.703 1.953 9.143 8
0.422 1.821 8.99 11
0.145 1.824 9.047 9
0.237 1.771 9.349 12
0.58 1.768 9.202 9
0.627 1.855 9.443 10
0.345 1.892 10.062 9
-0.018 1.731 10.037 13
0.073 1.596 9.767 7
0.285 1.655 9.646 12
0.54 1.658 9.168 8
1.088 1.403 9.411 12
1.118 1.504 9.616 8
1.244 1.327 9.847 11
1.453 1.274 9.552 9
1.465 1.303 9.267 12
1.516 1.248 9.797 9
1.583 1.354 10.699 12
1.777 1.468 11.306 8
1.143 1.356 10.633 10
0.836 1.091 9.645 10
0.893 1.136 9.575 11
0.982 1.258 10.02 9
1.176 1.31 10.445 11
1.289 1.294 10.657 9
1.484 1.128 10.27 12
2.011 1.01 9.664 8
2.421 1.162 9.283 11
2.396 1.161 9.293 9
2.276 1.224 9.732 11
2.106 1.304 10.182 9
2.046 1.335 10.415 10
2.033 1.358 10.585 10
1.814 1.379 10.799 11
1.687 1.334 10.817 9
1.46 1.22 10.535 12
1.321 1.092 9.907 8
1.264 1.04 9.412 10
1.299 1.046 9.467 10
1.364 1.05 9.762 11
1.33 1.033 9.934 9
1.181 0.956 10.105 11
1.012 0.761 10.239 9
1.051 0.73 10.103 12
0.978 0.593 9.825 8
0.875 0.433 9.573 11
0.807 0.361 9.431 9
0.852 0.356 9.495 11
0.999 0.396 9.92 9
0.884 0.378 10.497 11
0.867 0.316 10.845 9
0.964 0.372 10.697 11
1.089 0.456 10.224 9
1.158 0.524 9.817 12
1.012 0.523 9.722 8
0.952 0.506 9.728 11
1.125 0.577 9.841 9
1.309 0.681 10.153 11
1.288 0.672 10.281 9
1.27 0.721 10.183 11
1.43 0.782 10.113 9
1.525 0.988 10.089 12
1.587 1.037 10.046 8
1.717 1.091 10.001 11
2.108 1.271 10.009 9
2.061 1.322 9.803 11
1.932 1.338 9.655 9
2.007 1.473 9.783 11
2.261 1.544 10.005 9
2.29 1.523 10.196 11
2.275 1.397 10.325 9
2.378 1.239 10.382 12
2.491 1.389 10.286 8
2.7 1.265 10.066 11
2.343 1.236 9.506 9
1.968 1.161 9.44 12
1.961 1.23 10.319 8
2.343 1.526 11.255 11
2.536 1.687 11.517 9
2.382 1.716 11.027 12
2.321 1.945 10.29 8
2.045 2.057 10.013 12
2.106 2.087 9.859 8
2.285 2.193 9.699 11
2.234 2.252 9.519 9
1.967 2.193 8.984 11
1.772 2.158 8.635 9
2.05 2.464 8.945 12
2.255 2.703 9.571 8
2.464 2.791 9.849 12
2.475 2.734 9.88 8
2.005 2.476 9.901 11
1.697 2.188 10.037 9
2.014 2.003 10.098 12
1.991 2.033 10.181 8
1.49 2.101 10.258 11
1.449 2.157 9.89 9
1.771 2.351 10.057 13
1.417 2.373 10.326 7
1.305 2.256 10.252 12
1.426 2.339 10.161 8
1.553 2.567 10.069 14
2.144 2.923 9.364 6
2.226 2.885 8.425 11
1.459 2.508 8.004 9
0.683 2.302 8.763 12
0.591 2.176 10.045 8
0.494 2.44 10.387 12
-0.18 2.693 10.171 8
-0.012 2.669 9.208 11
1.559 3.296 8.362 9
1.715 2.637 9.065 12
1.469 2.189 9.329 8
0.556 1.941 11.006 12
0.603 2.249 12.753 9
1.953 2.699 12.23 12
1.657 2.794 9.988 8
0.413 2.945 7.744 12
1.055 3.55 7.801 8
2.199 4.088 9.714 11
3.029 3.716 10.571 9
3.155 3.684 10.189 10
2.905 2.594 8.557 10
1.77 2.261 6.626 11
2.109 2.1 7.619 9
3.863 3.013 10.166 12
4.276 3.832 12.796 8
2.717 3.457 12.023 10
1.826 3.165 6.838 10
2.223 3.037 3.153 11
1.874 1.576 3.198 9
1.209 0.83 7.564 11
0.71 0.295 14.545 9
-0.173 -0.347 15.769 12
0.249 0.005 12.34 8
1.538 1.08 10.574 11
1.532 2.512 12.82 9
2.647 3.432 14.036 11
2.991 4.113 11.677 9
2.943 3.904 9.183 10
3.439 3.874 6.057 10
1.347 1.519 5.327 11
-0.335 0.697 5.878 9
-2.239 0.723 12.695 12
-1.199 1.68 15.853 8
1.057 2.695 13.125 10
-0.004 2.118 9.313 10
1.602 2.633 6.671 11
2.074 2.174 7.914 9
1.634 1.528 9.835 11
2.787 1.738 11.431 9
2.551 1.157 12.387 12
0.948 -0.105 11.243 8
-0.851 -0.545 8.294 11
-0.574 0.104 6.282 9
-0.142 0.711 6.3 11
1.209 1.492 10.104 9
1.854 1.304 10.497 11
3.196 0.85 11.292 9
-0.071 -2.64 10.016 11
0.507 -2.842 8.994 9
1.856 -0.511 7.819 12
4.167 0.627 10.604 8
4.232 0.771 10.463 11
3.667 -0.243 9.099 9
4.294 -0.289 11.42 11
3.189 -1.046 13.105 9
1.04 -2.567 9.81 11
-0.789 -1.786 8.72 9
-0.278 1.346 10.39 12
0.755 3.314 10.489 8
1.263 4.926 10.454 11
3.819 4.875 10.372 9
3.532 1.101 10.198 12
2.782 -0.132 11.604 8
2.244 -2.339 9.106 11
3.346 -1.414 6.307 9
3.677 -1.179 7.122 11
3.867 0.43 10.911 9
3.475 0.445 13.81 12
3.034 0.709 13.784 8
3.831 0.542 14.823 11
4.213 -0.398 9.641 9
4.853 0.161 6.148 11
5.851 0.838 5.795 9
6.481 1.781 7.351 11
6.068 2.13 11.369 9
5.128 2.902 13.178 12
4.252 2.239 12.19 8
3.031 2.406 9.721 12
1.795 3.001 9.527 8
1.994 4.311 9.458 11
2.318 5.032 9.785 9
2.625 4.734 9.326 11
2.663 4.318 8.527 9
2.838 3.9 10.702 12
2.506 3.053 13.247 8
1.738 2.048 10.295 12
2.251 2.703 8.781 8
0.424 6.152 8.718 11
-5.499 7.601 4.263 9
-6.169 4.552 -3.872 12
-0.41 5.063 4.483 8
11.623 10.766 19.597 11
1.93 -1.756 19.585 9
1.957 -6.096 1.717 13
3.183 -12.215 3.869 7
5.719 -1.064 19.528 12
9.997 0.851 18.38 8
7.252 -1.26 4.712 11
5.818 0.415 -0.939 9
4.564 0.053 5.985 11
3.674 -0.084 12.815 9
2.311 -1.584 12.35 12
-0.252 0.08 10.285 8
-2.797 -0.14 11.016 12
-0.523 0.677 11.673 8
2.956 -0.167 10.559 11
2.083 -1.578 8.627 9
0.891 -2.952 6.997 12
-0.308 -1.869 7.131 8
-3.514 1.665 14.252 12
0.411 1.537 18.112 9
3.761 2.458 14.893 12
2.173 1.932 13.905 8
0.601 -1.163 12.304 11
-2.175 -3.358 7.508 9
-3.598 -5.347 3.165 11
-3.695 -6.108 -0.705 9
-1.546 -4.967 -1.086 10
3.542 -1.686 5.017 10
4.957 -0.421 12.017 11
4.309 -0.714 14.772 9
1.448 -1.408 12.284 12
-1.285 -2.754 9.829 8
-2.185 -3.808 9.179 10
-1.382 -2.889 9.715 10
0.24 -1.24 10.812 11
2.142 0.665 12.045 9
2.764 1.562 11.407 11
1.992 2.043 10.791 9
0.39 2.722 11.298 12
-0.752 2.147 10.33 8
-0.669 1.392 8.315 11
-0.229 1.449 7.226 9
0.341 1.148 7.365 11
0.823 1.276 8.948 9
1.31 0.612 10.368 10
1.292 0.022 11.757 10
1.592 -0.306 12.747 11
1.882 -0.177 12.865 9
2.299 0.838 12.198 12
2.834 1.323 9.285 8
1.341 1.55 11.045 11
1.437 2.049 12.152 9
2.233 2.545 11.388 11
2.516 2.276 8.41 9
0.948 2.019 7.275 11
-0.975 0.802 8.091 9
-1.306 0.217 9.318 12
-0.089 -0.223 10.74 8
1.14 -0.38 10.466 11
1.054 -0.462 10.736 9
1.602 1.021 11.611 11
2.537 1.034 11.055 9
1.853 1.436 9.851 11
1.496 0.654 8.981 9
1.711 1.657 10.302 11
3.139 2.705 11.805 9
3.768 3.289 10.344 12
2.908 1.744 8.206 8
1.323 1.035 8.489 11
-0.001 0.815 12.549 9
1.344 1.456 14.095 11
1.655 1.268 12.447 9
1.593 0.089 9.116 11
1.156 0.933 7.808 9
1.139 1.512 10.329 12
2.768 2.176 12.445 8
3.37 3.102 11.309 11
2.866 3.436 9.522 9
2.414 3.535 8.571 11
2.52 2.928 9.652 9
2.499 2.548 11.941 11
3.709 0.988 11.162 9
3.272 0.712 10.606 11
1.434 1.555 12.949 9
1.205 3.771 12.763 12
3.113 5.657 10.424 8
4.004 6.655 7.928 11
3.584 5.474 7.266 9
# end
#Wed Nov 04 19:55:39 CET 2015