# Accelerometer Values
# filename:  Acelerometro__6.txt
# Saving start time: Wed Oct 28 19:50:56 CET 2015

# sensor resolution: 5.985504E-4m/s^2
#Sensorvendor: STMicroelectronics, name: K330 3-axis Accelerometer, type: 1,version : 1, range 19.6133

# X value, Y value, Z value, time diff in ms
-0.374 0.418 9.692 11
-0.374 0.5 9.64 9
-0.376 0.572 9.675 11
-0.481 0.658 9.748 9
-0.721 0.69 9.67 11
-1.036 0.711 9.67 9
-1.258 0.633 9.865 11
-1.058 0.606 10.041 9
-0.55 0.755 10.233 11
-0.061 0.849 10.599 9
0.197 0.959 10.615 11
0.392 1.1 9.96 9
-0.035 0.879 9.881 14
-0.296 0.63 9.132 6
-0.243 0.825 8.058 11
-1.215 0.729 9.596 9
-0.889 0.451 9.701 11
-1.58 0.648 10.669 9
-1.312 0.175 10.632 11
-0.596 0.288 10.013 9
-0.016 0.964 9.091 11
-0.438 1.408 8.888 9
-1.077 0.909 9.377 11
-1.152 0.351 9.962 9
-1.103 0.183 10.017 11
-1.07 0.246 9.651 9
-0.995 0.59 10.208 11
-0.696 0.721 10.402 9
-0.418 0.77 10.472 11
-0.423 0.905 10.55 9
-0.223 0.869 9.88 14
-0.303 0.893 9.674 6
-0.793 0.995 10.006 11
-0.717 0.96 10.482 9
-0.441 0.935 10.741 12
0.021 1.042 10.575 8
0.402 1.216 10.165 11
0.568 1.286 9.836 9
0.59 1.128 9.7 11
0.05 0.256 8.643 9
-0.248 0.411 9.563 12
-0.404 0.603 9.976 8
0.165 1.117 11.173 11
1.139 1.614 10.752 9
1.452 1.663 10.245 11
1.157 1.314 9.938 9
0.381 0.724 9.712 12
-0.634 -0.02 9.688 8
-0.952 -0.326 9.892 14
-0.512 -0.329 10.331 6
0.339 1.136 11.102 11
1.055 2.58 10.38 9
0.755 3.128 10.139 12
-0.382 2.533 10.627 8
-0.991 1.821 10.806 11
-1.178 1.443 10.311 9
-0.679 1.408 9.87 11
0.014 1.361 9.329 9
0.204 1.425 8.884 12
-0.375 1.39 8.749 8
-0.985 1.119 9.095 12
-1.121 0.913 9.46 8
-0.879 1.079 9.627 11
-0.604 1.436 9.549 9
-0.386 1.669 9.634 12
-0.373 1.624 9.385 8
-0.141 1.472 9.154 14
-0.08 1.349 8.968 7
0.436 0.942 9.021 10
0.466 0.641 9.71 9
0.158 0.619 10.281 12
0.271 1.014 10.696 9
0.531 1.372 10.707 11
0.763 1.346 10.803 9
1.41 1.343 10.484 10
2.054 1.244 10.471 10
2.392 1.28 10.089 11
2.492 1.275 9.678 9
1.798 0.876 9.853 11
2.227 1.282 10.362 9
2.813 1.733 10.711 10
2.989 1.854 10.942 10
2.812 1.751 11.22 14
2.582 1.632 11.34 6
2.122 1.353 11.301 13
1.058 1.338 11.154 7
0.37 1.772 10.298 10
0.828 1.744 9.735 10
1.078 1.349 9.865 11
0.855 1.316 9.754 9
0.909 1.577 9.308 11
1.131 1.579 9.08 9
1.495 1.551 8.796 10
1.75 1.547 8.485 10
1.297 1.308 8.496 11
-1.092 0.474 8.609 9
-1.686 -0.363 9.68 11
-0.622 -0.129 10.644 9
0.326 0.73 10.457 10
0.623 1.022 10.221 10
0.582 0.906 10.177 11
0.493 0.63 10.33 9
0.808 0.668 10.301 13
1.297 0.796 10.135 7
1.407 0.915 9.856 11
1.256 0.915 9.541 9
1.077 0.864 9.347 11
0.891 0.75 9.351 9
0.976 0.85 9.297 11
1.027 1.091 9.687 9
1.329 1.189 9.959 11
1.357 1.186 10.103 9
1.023 1.03 10.294 11
0.569 0.724 10.42 9
0.326 0.59 10.408 11
0.661 0.729 10.245 9
1.279 1.042 9.809 11
1.546 1.183 9.45 9
1.285 0.985 8.973 11
0.702 0.717 8.544 9
0.493 0.994 8.625 14
0.642 1.588 8.85 6
0.681 1.842 8.941 11
0.52 1.827 9.028 9
-0.221 1.755 9.451 11
-0.476 1.615 9.494 9
-0.564 1.569 9.386 11
-0.553 1.417 9.278 9
-0.56 1.267 9.162 11
-0.708 1.169 9.451 9
-0.405 1.628 9.627 11
-0.499 1.638 10.079 9
-0.611 1.407 10.515 11
-0.496 1.274 10.548 9
-0.484 1.333 10.235 11
-0.535 1.309 9.897 9
-0.447 1.143 9.765 11
-0.187 1.073 9.931 9
0.462 1.183 10.119 14
0.908 1.384 10.369 6
0.84 1.347 10.669 11
0.48 1.243 10.725 9
0.296 1.289 10.463 12
0.305 1.341 10.211 8
0.298 1.355 10.204 12
0.273 1.472 10.462 8
0.359 1.604 10.696 11
0.249 1.596 10.719 9
0.21 1.531 10.493 12
0.1 1.509 10.544 8
0.525 1.635 10.644 11
0.825 1.68 10.768 9
1.034 1.719 11.0 11
1.218 1.712 11.132 9
1.343 1.568 11.238 12
1.432 1.441 11.436 8
1.554 1.449 11.586 14
1.644 1.467 11.674 6
1.592 1.438 11.58 11
1.28 1.304 11.371 9
1.004 1.27 11.054 12
0.836 1.305 10.749 8
0.576 1.241 10.643 11
0.485 1.225 10.711 9
0.517 1.241 10.734 11
0.577 1.24 10.653 9
0.745 1.191 10.451 12
0.973 1.139 10.132 8
1.082 1.069 9.827 11
0.981 0.952 9.68 9
0.554 1.024 9.997 11
0.315 1.121 10.288 9
0.185 0.982 10.321 12
0.248 0.864 9.983 9
0.412 0.689 9.421 13
0.469 0.55 8.918 7
0.331 0.465 8.629 10
0.166 0.356 8.591 10
0.012 0.342 8.743 11
-0.059 0.328 8.965 9
-0.057 0.335 9.309 11
-0.067 0.433 9.791 9
-0.151 0.517 10.163 10
-0.308 0.419 10.308 10
-0.277 0.328 10.261 11
-0.022 0.389 10.216 9
0.285 0.444 10.194 11
0.524 0.438 10.117 9
0.714 0.444 9.947 10
0.682 0.464 9.925 10
0.689 0.523 10.043 11
0.849 0.675 10.216 9
1.025 0.829 10.171 13
1.139 0.927 9.926 7
1.324 1.077 9.862 10
1.518 1.17 10.043 10
1.45 1.176 10.199 11
1.264 1.013 10.38 9
0.89 0.681 10.572 11
0.799 0.411 10.533 9
1.137 0.45 10.533 10
1.444 0.601 10.663 10
1.644 0.743 10.879 11
1.845 0.964 11.274 9
1.823 0.996 11.53 11
1.622 0.903 11.323 9
1.48 1.0 11.11 11
1.314 0.961 10.871 9
1.071 0.889 10.742 11
0.846 0.892 10.482 9
0.877 0.656 10.155 13
0.998 0.187 10.216 7
0.666 0.131 10.415 11
0.644 0.259 10.691 9
0.895 0.374 10.811 11
1.094 0.559 10.705 9
1.212 0.997 10.323 11
1.134 1.101 10.213 9
0.731 0.972 10.121 11
0.328 0.91 10.343 9
0.156 1.187 10.407 11
0.222 1.301 10.134 9
0.459 1.393 9.627 11
1.843 1.255 9.119 9
2.467 1.127 9.091 11
1.903 1.015 9.756 9
1.411 1.315 10.054 11
0.881 1.458 10.48 9
0.369 1.489 10.664 14
-0.04 1.639 10.421 6
-0.337 1.81 10.15 11
-0.286 1.799 9.811 9
-0.149 1.565 9.638 11
-0.014 1.565 9.208 9
0.277 1.911 8.711 11
0.51 2.021 8.711 9
0.683 2.168 9.065 11
0.78 2.404 9.436 9
0.799 2.486 9.752 11
0.67 2.488 9.904 9
0.429 2.469 9.896 11
0.18 2.263 9.749 9
0.247 2.12 9.581 11
0.53 2.173 9.546 9
0.843 2.276 9.806 12
0.787 2.549 10.574 8
0.158 2.561 10.272 14
-0.504 1.875 9.764 6
-0.673 1.608 9.241 11
-0.341 2.082 9.206 9
0.405 2.317 9.593 12
0.793 2.275 9.782 8
0.591 2.03 9.634 11
0.298 1.79 9.754 9
0.296 1.959 9.959 11
0.632 2.154 10.023 9
1.118 2.208 9.901 12
1.355 2.21 9.686 8
0.794 2.084 9.69 11
-0.374 1.751 9.74 9
-0.949 2.041 9.994 11
-0.657 2.518 10.014 9
0.108 2.674 9.849 12
-0.039 2.376 9.738 9
0.131 2.405 9.736 13
0.253 2.506 9.72 7
0.198 2.58 9.674 10
0.389 2.725 9.549 9
0.419 2.726 9.665 12
0.32 2.703 9.722 8
0.262 2.548 9.768 12
0.279 2.418 9.712 9
0.414 2.422 9.448 11
0.612 2.273 8.638 8
1.253 1.825 8.771 12
1.425 1.787 8.276 9
0.416 1.731 10.661 11
0.354 2.022 10.967 9
0.235 1.808 10.647 10
0.63 1.875 10.36 10
1.034 2.095 10.452 11
1.196 2.243 10.405 9
1.146 2.267 10.134 13
0.644 1.881 9.849 7
0.356 1.936 9.896 10
0.517 2.239 9.66 10
0.693 2.352 9.601 11
0.859 2.335 9.676 9
0.962 2.239 9.752 11
1.007 2.132 9.918 9
1.057 2.191 9.831 10
1.07 2.433 9.589 10
0.817 2.564 9.639 11
0.881 2.343 9.78 9
0.804 2.248 9.533 11
0.751 2.074 9.49 9
0.8 2.028 9.827 10
0.97 2.197 10.162 10
1.194 2.324 9.983 11
1.171 2.234 9.418 9
1.089 1.939 8.813 13
0.783 1.293 8.785 7
0.74 1.665 9.459 10
1.044 2.147 10.861 10
0.984 2.013 10.796 11
1.027 2.155 10.212 9
1.054 2.327 9.994 11
1.05 2.548 10.242 9
1.027 2.561 9.652 11
0.423 2.675 9.608 9
0.373 2.926 9.638 11
0.548 3.099 9.77 9
0.189 3.652 9.813 11
0.974 3.452 10.272 9
2.367 3.852 9.384 11
2.915 4.335 8.847 9
2.545 4.332 9.039 11
1.975 3.995 8.936 9
1.851 4.012 9.215 14
2.078 4.197 9.643 6
2.059 4.412 9.788 11
1.795 4.085 9.753 9
1.318 3.863 9.477 11
0.968 4.089 9.15 9
0.369 4.543 9.153 11
0.936 4.569 9.166 9
1.739 4.798 8.869 11
2.0 4.769 9.176 9
1.616 4.343 9.381 11
1.362 3.999 9.382 9
1.374 4.172 9.759 11
1.298 4.387 9.763 9
1.139 4.259 9.03 11
0.778 4.182 8.558 9
0.798 4.373 8.839 11
1.276 4.666 9.075 9
1.446 4.626 9.469 14
1.329 4.972 10.418 6
1.475 5.366 10.537 11
1.499 5.723 9.479 9
1.587 5.37 8.4 11
1.71 5.209 7.708 9
1.296 4.69 8.333 11
1.687 4.484 9.111 9
0.894 4.761 10.271 11
0.361 4.71 10.352 9
0.596 4.777 8.498 14
0.475 4.854 8.378 6
0.687 4.906 9.033 11
0.15 5.504 8.789 9
-0.812 6.41 8.641 11
-0.55 6.67 8.389 9
0.502 5.686 8.77 13
0.307 4.516 9.395 7
0.432 3.865 7.749 14
-0.277 4.969 8.018 6
-0.678 5.637 8.032 11
-0.579 7.351 8.607 9
-0.449 7.396 8.3 13
-0.542 6.526 7.961 7
-0.169 5.691 7.706 11
1.086 6.248 8.245 9
0.939 6.403 8.757 11
0.963 6.27 7.588 9
1.519 6.926 8.699 14
1.087 6.183 8.485 6
0.055 3.864 4.992 11
0.735 5.355 6.453 9
0.569 5.497 9.375 11
0.086 4.757 7.077 9
-1.232 5.172 6.06 12
-1.145 4.806 6.458 8
0.268 5.801 8.473 14
1.379 4.803 9.414 6
3.042 3.132 8.953 11
3.447 2.656 10.33 9
1.762 1.472 10.218 12
2.183 1.899 10.803 9
2.078 2.591 11.977 11
0.361 3.717 12.029 9
-0.306 4.905 11.218 10
0.442 6.46 10.528 10
4.531 8.254 7.18 11
6.61 6.244 4.333 9
8.639 5.841 6.963 11
9.504 5.665 12.333 9
6.185 1.236 13.682 10
1.764 3.444 16.961 10
-1.015 2.621 9.972 11
-0.35 2.352 11.246 9
2.115 3.049 9.947 13
0.982 3.724 10.833 7
-1.541 6.404 10.878 10
-7.239 5.522 7.213 10
8.691 5.861 0.856 11
13.333 6.26 10.302 9
-0.625 2.004 14.13 11
-0.825 2.091 11.58 9
-1.45 3.157 12.147 11
-1.777 4.951 10.225 9
-2.531 5.525 6.751 11
-2.364 2.08 4.662 9
-1.783 1.617 8.11 11
1.319 2.232 6.941 9
1.254 3.667 9.111 10
0.062 1.848 8.841 10
1.106 2.479 11.337 11
0.517 2.169 13.366 9
-2.41 0.602 10.217 13
-4.056 -0.921 6.91 7
-3.184 0.219 6.997 10
-2.604 3.214 11.372 10
-1.374 4.204 11.429 11
-0.299 2.998 9.829 9
0.325 2.764 11.284 11
0.014 2.173 10.844 9
-0.279 2.059 9.463 10
-0.278 1.989 7.726 10
-0.811 3.051 6.97 11
-1.164 3.33 7.368 9
-0.288 4.078 9.469 11
0.216 3.94 10.721 9
0.727 2.809 10.86 11
-0.266 1.674 9.378 9
-0.061 1.805 8.826 11
0.199 2.565 8.265 12
1.253 2.958 7.969 10
1.244 4.104 8.254 7
1.11 2.694 7.019 11
-3.95 -1.032 1.209 9
-3.728 -0.768 6.998 12
3.461 7.806 17.863 8
5.773 13.845 19.606 12
6.145 6.007 9.384 8
6.209 0.161 3.702 11
4.571 -3.52 6.986 9
-1.95 -2.287 9.873 12
-4.863 1.552 11.473 8
-3.168 4.589 6.994 11
-1.903 5.347 9.08 9
2.035 6.687 9.93 11
2.752 6.644 12.285 9
2.656 3.931 10.169 11
1.822 2.704 8.89 9
1.447 2.233 8.528 14
2.489 3.584 9.983 6
3.356 3.64 9.691 11
1.649 3.903 10.257 9
0.503 5.208 9.801 12
-0.644 4.675 8.429 8
-0.811 4.477 6.599 11
-0.484 4.119 8.836 9
-0.963 3.766 9.147 11
1.408 3.897 10.895 9
2.85 3.955 10.873 11
2.356 4.539 10.234 9
0.068 5.434 9.631 11
-1.468 3.785 7.782 9
2.477 6.937 9.728 11
1.94 8.149 13.4 9
-0.553 5.212 9.148 12
-1.243 1.887 6.189 8
-0.671 1.448 6.818 14
0.205 2.832 9.203 6
0.159 4.226 11.085 13
0.942 4.045 10.845 7
0.575 4.581 11.71 12
0.038 4.243 11.763 8
-1.355 3.822 10.953 11
-0.959 2.838 7.754 9
0.515 1.809 4.854 11
-0.154 1.174 3.707 9
-0.846 1.411 8.716 12
0.078 2.185 12.48 8
0.603 1.735 11.798 11
-0.329 1.619 9.573 9
-1.4 1.217 9.27 12
-1.314 1.417 10.237 8
-0.77 1.849 9.267 12
0.074 1.504 8.972 8
1.371 1.1 8.53 14
2.142 1.053 10.041 6
1.285 0.672 10.092 11
1.118 -0.141 10.181 10
1.518 -0.599 9.746 11
1.079 -1.061 9.769 9
0.225 -0.201 10.255 11
-1.619 0.94 10.875 9
-3.239 3.551 9.421 10
-8.419 3.143 10.025 10
-5.98 3.863 7.34 11
-4.313 4.817 6.797 9
-4.712 2.625 9.262 11
-4.17 2.822 10.157 9
-1.836 4.671 9.847 11
-2.729 4.855 10.347 9
-2.618 4.932 9.854 11
-1.185 5.543 8.717 9
-0.143 5.541 8.577 13
1.978 5.082 9.531 7
4.431 3.503 10.651 10
5.752 4.133 10.344 10
3.839 3.078 10.18 11
4.179 2.901 10.39 9
5.224 3.648 10.244 11
4.866 4.736 8.227 9
2.539 6.705 6.694 10
-1.217 7.102 9.032 10
-3.114 6.413 10.201 11
-3.477 5.779 10.851 9
-2.936 4.425 10.49 11
-2.311 3.406 9.593 9
-1.089 1.939 8.508 10
0.051 1.392 8.782 10
0.852 1.869 8.759 11
0.26 3.181 10.059 9
-0.304 3.604 9.108 15
-1.507 3.601 8.432 5
-1.629 2.946 7.744 11
0.347 2.793 8.173 9
1.859 2.319 9.212 11
2.887 3.164 9.649 9
2.369 2.561 9.91 11
1.654 2.215 9.312 9
0.238 2.233 9.497 11
0.456 3.276 9.83 9
-0.514 3.393 9.366 11
-1.441 3.886 8.498 9
-2.75 3.979 8.515 11
-2.554 4.824 9.477 9
-1.736 5.88 9.938 11
-2.779 5.68 10.732 9
-2.929 5.251 10.963 11
-2.613 5.089 11.148 9
-3.414 3.499 10.872 14
5.961 2.425 7.635 6
4.593 3.287 11.651 12
1.262 2.889 13.734 8
1.443 2.992 11.854 11
1.596 2.864 10.989 9
2.106 2.294 10.48 11
2.898 1.903 9.258 9
3.438 2.06 7.304 11
1.566 1.386 5.987 9
0.805 1.169 8.392 11
0.712 2.081 12.381 9
0.141 1.807 12.407 11
0.044 1.376 9.409 9
1.288 1.477 8.542 11
2.229 0.258 9.177 9
2.085 1.383 11.262 12
2.169 1.389 11.553 8
3.881 1.148 8.866 14
2.458 1.108 7.335 6
1.159 1.967 7.61 13
-0.934 2.163 7.864 7
-3.0 1.823 7.836 12
-6.084 1.819 8.481 8
-3.752 2.087 9.725 11
-4.045 2.332 13.087 9
-2.576 2.994 13.257 11
-2.018 3.005 10.112 9
-2.169 2.425 7.206 12
-0.966 1.725 7.978 8
0.241 1.207 9.604 11
0.885 0.617 10.041 9
0.953 0.12 9.615 11
0.717 0.99 9.186 9
-0.257 1.829 9.309 12
-1.192 1.623 9.502 8
-0.631 2.672 10.547 14
-1.024 2.09 10.442 6
-0.354 2.388 9.609 11
-0.748 2.47 10.265 12
-0.927 2.889 10.362 9
-0.418 4.504 10.346 8
-0.624 5.156 9.536 11
-1.771 5.242 8.588 9
-1.961 4.32 9.202 11
0.549 5.16 10.919 9
1.8 5.59 11.873 13
2.184 6.011 10.687 7
-0.41 5.707 9.621 12
-1.774 4.499 8.361 8
3.43 6.541 7.171 11
4.605 7.481 6.393 9
2.158 3.49 5.638 12
4.35 3.025 7.286 9
3.618 1.799 7.641 13
5.54 3.314 8.093 7
3.664 3.44 9.548 12
2.084 3.301 10.05 8
2.084 4.143 13.366 11
2.072 2.642 14.177 9
4.016 1.264 7.3 11
4.835 0.739 5.163 9
5.535 0.791 8.617 10
3.355 0.757 10.936 10
0.381 -0.474 9.569 11
0.359 0.62 7.82 9
-0.492 0.977 8.455 11
-1.168 1.848 10.511 9
-2.664 1.684 10.78 10
-3.362 -0.233 7.761 10
-1.413 -0.98 7.313 11
0.772 -1.267 8.713 9
1.082 -1.197 9.029 13
1.115 0.42 10.475 7
-0.118 1.48 12.797 10
-1.452 1.555 12.94 10
-1.813 0.279 9.946 11
-1.479 -0.227 7.258 9
-0.324 0.858 8.568 11
0.025 2.099 11.629 9
-1.038 0.404 10.018 10
0.347 0.657 8.0 10
2.05 2.978 10.324 11
1.363 2.404 10.463 9
1.042 2.273 10.556 11
1.42 1.498 9.704 10
1.346 0.066 8.828 10
2.097 1.68 9.909 9
1.971 3.07 12.78 11
1.78 1.009 11.787 9
2.043 0.587 11.218 14
2.993 0.987 10.851 6
3.18 1.974 11.435 11
3.043 2.545 11.803 9
2.774 1.957 11.152 11
3.369 4.003 12.327 9
3.149 2.84 11.814 11
3.488 2.93 10.56 9
3.456 4.019 9.799 11
3.453 3.495 8.066 9
3.645 4.695 7.793 11
3.408 5.473 8.378 9
1.375 2.876 9.04 11
1.453 1.258 9.457 9
2.993 0.974 10.557 11
3.372 1.818 13.148 9
3.186 4.413 13.948 11
2.094 4.317 11.353 9
0.122 2.164 7.597 14
2.847 2.509 6.979 6
4.373 2.807 9.651 11
3.031 1.402 11.607 9
3.497 1.256 12.475 11
3.886 1.936 12.564 10
2.829 3.451 12.359 10
1.087 1.203 9.53 9
1.364 1.914 9.152 11
3.949 2.653 11.18 9
3.949 2.43 10.655 12
3.675 1.924 6.922 8
4.589 4.282 8.049 11
1.133 2.261 11.262 9
3.411 2.461 12.355 11
4.654 6.39 12.495 9
1.656 5.937 8.628 12
0.626 5.968 9.244 8
2.156 3.583 7.188 14
2.045 4.538 5.458 6
0.522 4.191 6.804 11
1.76 7.166 11.123 9
0.884 5.821 12.496 11
2.273 3.558 8.234 9
3.753 5.384 6.562 11
1.719 2.485 5.977 9
1.389 1.903 7.875 11
2.731 1.49 10.055 9
2.375 1.068 10.077 12
1.902 1.993 12.639 8
2.278 2.921 15.385 11
5.314 4.183 13.344 11
5.505 -1.306 4.548 9
4.608 -3.529 5.266 9
5.448 -0.225 13.59 13
2.173 1.379 11.668 7
2.061 4.106 7.067 14
0.962 1.635 6.774 6
2.27 2.372 10.53 11
2.3 3.857 12.688 9
0.935 4.268 9.918 12
0.184 1.829 2.896 8
0.664 0.467 3.478 11
0.476 3.493 11.89 9
0.012 2.318 13.362 11
2.607 2.529 6.88 10
3.961 4.097 5.216 11
1.859 3.861 5.532 9
0.038 3.98 7.367 11
0.595 2.466 11.876 9
0.627 1.602 14.241 10
1.13 2.044 13.199 10
1.104 1.719 9.707 11
0.468 0.675 6.13 9
-0.121 0.465 6.515 13
-0.42 0.469 8.579 7
-0.399 1.446 9.248 10
0.093 1.504 8.839 10
-0.06 0.668 9.438 11
0.268 -3.022 8.646 9
0.579 -3.698 9.262 11
0.219 -1.133 11.757 9
0.212 2.117 13.7 11
-0.838 2.524 12.136 9
-1.321 0.149 6.951 11
-0.418 2.607 7.842 9
-0.39 3.132 9.322 11
-0.172 4.798 8.218 9
-1.358 3.708 8.811 10
-0.092 4.065 8.226 10
0.077 3.414 7.402 11
-0.092 3.159 9.759 9
1.896 3.529 12.704 13
2.639 5.295 13.952 7
2.131 4.346 9.443 10
3.408 6.271 5.683 10
3.442 5.998 6.733 11
4.002 5.455 8.838 9
4.38 5.123 9.743 11
4.632 3.387 8.256 9
4.89 3.072 8.125 10
3.386 3.62 12.303 13
0.706 4.523 10.659 8
1.07 3.328 7.724 9
1.221 3.896 9.959 11
2.201 2.881 11.763 9
2.549 1.186 9.452 11
2.755 0.588 7.636 9
1.947 2.173 11.383 13
1.408 3.565 15.967 7
1.747 3.429 15.492 13
3.267 -0.462 10.036 7
3.202 -1.741 7.863 11
1.4 0.921 12.086 9
0.336 3.483 14.161 11
0.202 1.556 10.231 9
0.528 -0.987 4.386 16
0.226 1.265 6.351 6
1.398 2.16 10.36 9
1.896 3.359 11.12 9
1.501 2.63 10.056 11
1.894 1.645 9.27 9
2.959 1.814 10.204 11
3.746 1.783 10.293 9
3.36 2.819 9.976 11
3.162 2.929 11.145 9
2.916 2.103 11.929 11
2.776 1.307 11.6 9
2.581 1.904 13.245 14
1.602 1.505 11.844 6
0.347 2.798 8.953 11
-1.634 3.637 8.422 9
-0.267 4.453 7.233 11
1.784 8.802 9.674 9
0.152 5.793 7.001 11
0.046 3.578 7.859 9
3.825 2.943 8.945 11
3.549 7.78 11.698 9
2.288 8.3 10.399 11
1.55 4.535 6.122 9
1.397 2.169 5.701 11
2.224 3.367 9.038 9
1.431 3.447 11.006 11
0.818 2.268 9.349 9
-0.497 1.268 8.194 12
-1.818 2.187 9.882 8
-1.654 1.33 8.516 14
-0.648 2.369 9.819 6
-0.241 0.369 9.453 11
-0.235 0.83 9.351 9
0.441 1.664 11.142 12
1.373 0.195 9.386 8
1.592 0.399 9.847 12
1.28 0.76 13.342 8
2.073 2.25 14.951 11
2.054 5.841 14.001 9
1.962 1.51 9.786 12
0.642 1.616 9.289 8
-0.012 2.252 12.492 11
1.104 2.062 13.314 9
1.109 4.387 12.928 11
0.684 3.429 11.85 9
1.413 2.637 9.241 12
2.665 1.06 8.993 8
2.29 2.551 8.731 14
2.17 4.938 10.374 6
3.801 4.453 9.582 11
3.813 2.746 6.568 9
1.042 2.834 6.785 12
-0.834 1.659 9.087 9
-0.159 2.961 9.434 11
0.969 4.289 8.978 9
0.977 3.572 7.657 11
0.929 4.271 6.837 9
0.324 4.488 6.219 11
-0.469 4.25 6.031 9
-0.847 5.227 9.901 11
-0.327 3.005 10.439 9
0.353 3.277 9.556 10
0.832 2.618 8.953 10
0.653 3.266 8.819 11
-0.457 2.3 11.376 9
0.099 4.15 14.568 13
0.962 7.073 13.521 7
0.058 3.812 11.648 10
2.399 1.347 7.301 10
2.38 3.682 6.897 11
1.745 8.166 10.779 9
2.101 6.87 8.426 12
2.51 3.324 4.893 8
2.91 0.603 3.541 10
2.108 3.19 7.158 10
1.933 2.319 9.792 11
0.349 2.191 9.278 9
-1.628 0.153 9.702 11
-0.705 -0.913 9.734 9
-0.716 2.048 12.207 11
-1.568 1.969 13.763 9
-0.774 0.772 10.196 11
-1.334 1.125 9.303 9
-1.594 -0.598 8.832 13
-1.969 1.134 9.798 7
-1.362 1.49 12.112 11
0.289 0.908 10.642 9
1.863 1.988 7.66 11
0.699 2.01 12.35 9
-0.108 2.492 12.068 11
0.518 1.941 6.616 9
0.342 1.091 9.159 11
-0.483 3.122 13.895 9
0.805 2.385 11.768 11
1.934 3.275 10.934 9
1.435 1.374 10.98 11
1.817 1.377 8.497 9
2.108 2.107 8.473 11
1.756 3.53 11.443 9
1.368 5.524 13.562 15
0.658 3.364 10.901 6
1.065 2.824 5.712 12
-0.464 5.62 7.754 7
-1.69 6.344 11.365 16
-1.627 5.659 7.114 4
-0.805 6.87 4.275 11
0.246 6.679 5.919 9
0.348 6.708 8.557 11
1.277 5.674 7.673 9
0.293 5.544 8.36 11
-0.551 4.876 11.727 9
-0.123 3.911 13.526 11
0.371 2.17 11.073 9
0.413 0.668 8.901 11
-0.414 1.189 9.301 9
-2.58 3.299 11.98 11
-3.068 -0.427 9.966 9
-2.009 -0.967 7.71 11
-0.487 -1.073 8.644 9
0.645 -1.234 9.317 14
0.951 -0.201 9.415 6
0.702 0.506 9.701 11
1.035 0.893 9.607 10
1.603 2.625 10.739 10
1.861 3.444 10.484 9
1.454 3.201 9.985 11
-2.855 4.337 16.625 9
-2.434 1.428 11.731 11
-2.299 2.658 3.408 9
-1.328 3.173 2.482 11
-1.598 2.722 7.048 9
-2.385 3.299 11.215 11
-0.351 4.113 11.445 9
1.375 4.942 6.2 11
1.174 4.387 3.56 9
1.896 6.52 8.125 14
2.313 7.428 12.412 6
2.893 2.805 7.778 14
2.279 2.58 4.666 6
0.687 3.265 11.462 11
0.823 2.454 15.172 9
1.207 1.808 11.959 12
1.119 1.347 8.936 8
-0.694 3.522 11.657 11
-1.401 2.524 11.417 10
-2.266 3.371 10.195 10
-1.569 2.084 8.2 9
0.073 3.037 7.338 12
1.353 3.263 7.422 8
0.648 1.859 8.044 12
0.651 0.811 7.982 8
-0.485 0.515 8.754 11
-1.738 -0.232 10.41 10
-1.86 0.704 11.793 11
-1.656 1.723 10.472 8
-0.979 0.251 4.65 14
-1.515 0.897 3.624 7
-2.109 0.776 7.629 10
-3.369 0.919 13.543 10
-4.34 1.24 15.282 11
-3.807 0.916 10.503 9
-2.331 1.814 8.278 11
-1.292 0.49 8.049 9
-2.09 0.437 9.321 10
-1.448 0.362 10.711 10
-0.12 1.092 12.461 11
0.19 -0.366 12.036 9
-1.449 0.15 9.746 11
-2.281 2.676 10.53 9
-0.408 2.935 11.462 11
0.886 3.784 10.478 9
1.461 3.072 10.949 11
2.302 4.656 11.763 9
2.111 6.458 12.709 13
0.72 6.094 10.738 7
-0.123 6.572 13.985 10
-0.443 7.058 12.035 10
-0.222 5.601 7.053 11
1.117 6.716 8.218 9
1.92 8.57 11.598 11
0.952 7.096 11.031 9
0.981 3.115 6.5 10
1.999 3.905 7.551 10
1.253 6.988 14.715 11
0.782 3.417 9.728 9
0.05 1.142 3.815 12
-0.04 0.755 8.185 8
-0.847 1.054 11.935 10
-2.059 -0.926 8.126 10
-2.53 -0.427 7.387 11
-2.234 -1.814 9.816 9
-2.462 -2.144 8.432 13
-1.738 -0.163 4.999 7
1.801 2.048 5.246 11
3.588 -0.899 7.743 9
2.195 -1.472 10.158 11
-1.675 1.593 14.308 9
-0.829 3.339 17.405 11
1.595 4.327 13.13 9
-1.247 2.846 7.182 11
-1.423 2.189 4.186 13
-0.626 5.06 9.206 8
-0.275 4.821 13.576 8
-0.213 3.572 12.166 11
-1.094 2.865 10.235 9
-1.503 1.097 8.232 11
-0.241 3.612 10.382 9
2.185 4.367 10.614 12
2.021 2.194 8.316 8
0.432 2.543 9.028 14
-0.047 6.946 14.48 6
1.307 6.714 12.003 11
2.349 5.618 5.692 9
2.807 2.7 5.547 11
1.227 5.583 10.418 9
1.198 9.613 11.386 11
0.149 4.744 6.405 9
0.32 0.559 3.483 11
-0.15 2.98 7.936 9
1.051 5.067 12.955 11
0.574 0.408 8.38 9
-1.385 -1.716 9.541 11
-0.888 -0.208 11.059 9
-1.214 0.161 6.653 11
-1.486 -1.32 5.4 9
-2.683 -1.222 10.757 12
-3.58 -0.278 14.947 8
-4.292 2.297 13.843 14
-3.613 2.434 10.302 6
-3.041 1.633 9.047 11
-3.208 2.097 12.176 9
-2.973 0.137 13.061 12
-1.549 -0.942 10.607 8
-0.452 -1.88 10.824 11
-0.237 -3.518 12.078 9
0.51 -3.356 11.053 12
1.304 -2.079 14.362 8
0.487 1.116 18.072 11
0.149 2.721 16.622 9
3.842 5.041 9.688 11
5.605 9.528 7.311 9
3.254 8.638 8.577 11
1.552 9.027 12.694 9
3.335 8.704 10.301 12
3.082 7.171 1.849 8
-0.563 9.175 3.688 14
-2.634 9.522 9.973 6
-3.503 9.108 9.97 11
-1.747 6.068 3.845 9
0.326 4.486 7.119 12
0.638 6.925 12.942 9
-0.651 2.914 7.73 11
1.175 -2.284 4.735 8
3.669 0.192 13.395 11
2.576 0.957 15.574 10
1.051 -1.891 8.656 11
1.607 -2.0 5.076 8
0.028 -1.3 10.849 11
-1.972 -0.119 15.255 10
-0.474 -1.841 9.705 10
0.933 -2.823 6.725 10
0.272 -1.653 11.703 11
-0.221 -1.053 15.692 9
-2.005 1.653 14.938 13
-0.015 0.552 7.365 7
2.418 0.814 2.513 10
-0.936 3.201 11.128 10
0.506 2.929 17.511 11
-0.452 2.924 13.493 9
-0.519 1.932 7.554 11
-3.08 5.514 6.326 9
-3.934 6.326 9.706 10
-2.436 8.175 12.071 10
-0.134 9.254 9.628 12
1.15 7.38 2.984 8
3.295 9.028 -2.795 11
2.912 9.97 -0.364 9
3.384 10.208 4.738 10
4.143 10.675 11.561 10
2.351 4.557 11.502 11
-0.023 2.823 8.514 9
0.324 4.741 9.057 13
1.94 2.675 7.101 7
2.514 0.056 4.326 10
1.672 -0.827 7.66 10
1.421 2.3 13.334 13
2.258 -2.534 11.423 7
1.032 -6.385 6.612 11
-1.684 -2.534 11.016 9
-2.135 -0.736 15.304 11
-2.7 0.084 13.393 9
-1.809 -0.175 9.719 11
-2.183 0.917 14.936 9
-3.122 1.567 17.164 11
-3.475 -1.353 15.55 9
-5.474 -1.342 10.46 11
-3.301 -1.967 3.67 9
-1.423 0.522 4.329 12
-0.931 0.969 11.414 8
1.409 -1.283 11.273 13
2.059 3.992 12.249 7
3.733 3.408 12.509 11
3.289 4.569 9.588 9
1.331 5.911 9.506 11
2.114 6.722 9.846 9
2.222 8.192 9.731 11
2.011 7.519 8.865 9
0.432 9.333 12.197 11
-1.631 7.775 11.815 9
-1.96 7.55 7.1 11
-2.591 6.399 3.354 9
-4.2 8.051 7.347 11
-2.375 5.599 9.379 9
0.912 4.555 11.552 11
2.306 3.598 7.474 9
1.114 4.772 1.432 11
-1.3 -3.705 0.375 9
1.199 -1.289 12.452 14
1.888 0.215 19.608 6
1.309 -6.36 15.228 11
0.807 -3.05 9.137 9
0.09 0.761 12.773 11
2.229 0.327 14.872 9
0.699 0.515 11.874 11
-0.032 0.219 10.323 9
1.273 1.721 13.394 11
1.023 0.933 15.413 9
0.905 -0.508 11.023 12
-0.789 3.461 10.699 8
0.642 2.747 10.812 11
0.355 3.943 8.667 9
-0.026 4.838 6.487 11
1.186 7.419 5.455 9
-0.726 9.387 6.276 12
-1.253 7.644 2.77 8
1.004 9.082 -0.469 14
2.898 12.326 5.232 6
3.383 14.139 15.019 11
4.686 7.469 10.002 9
3.865 10.181 7.821 12
3.228 7.962 5.489 8
1.927 5.092 8.726 11
2.016 1.817 11.654 9
2.768 -0.866 9.821 11
3.393 -1.332 7.159 9
4.825 -3.605 5.4 12
2.454 -4.9 2.71 8
0.638 -3.892 4.689 11
-0.389 -3.219 12.403 9
-1.121 -7.282 12.846 11
-4.028 -1.295 17.676 9
-3.293 0.172 19.608 12
-1.423 -4.793 13.703 8
-4.556 -4.93 5.215 14
-8.089 -2.135 9.054 6
-6.484 -2.08 13.997 11
-6.174 -2.321 12.401 9
-6.739 0.506 10.786 12
-2.324 1.892 7.915 8
2.143 4.844 6.512 12
3.383 4.811 7.64 9
4.818 6.676 9.531 10
5.024 7.453 8.901 9
2.271 4.946 9.086 12
-0.646 8.113 13.632 9
0.193 9.575 11.213 11
-0.273 10.023 2.313 9
-3.262 9.78 -0.99 10
-2.819 6.803 5.43 10
-1.025 4.734 10.092 11
-1.093 5.509 14.205 9
-1.083 3.632 14.361 13
-1.868 -0.648 11.083 7
-1.385 -1.474 10.879 10
-1.932 -1.464 11.326 10
-2.037 1.157 11.322 11
1.891 -0.948 6.57 9
0.711 -0.041 9.384 11
-0.444 1.862 15.055 9
1.043 -0.133 12.246 10
0.463 -2.466 6.766 10
-1.213 -0.72 8.778 11
0.366 1.884 15.036 9
3.595 -2.144 12.101 11
-0.286 -2.643 9.081 9
-0.061 -1.899 13.706 10
2.782 1.856 18.296 10
2.433 2.164 14.63 11
1.639 4.693 7.854 9
-0.618 7.642 6.842 13
-3.685 7.432 6.948 7
-2.033 8.265 2.834 11
1.367 10.7 1.431 9
2.668 12.064 4.859 11
2.913 9.821 6.192 9
3.219 9.028 6.102 11
3.593 8.224 7.06 9
4.3 7.232 8.541 10
2.808 3.696 8.945 10
3.307 2.316 8.558 11
3.778 -0.521 10.34 9
3.816 -3.791 10.485 11
2.396 -3.159 10.853 9
0.793 -2.779 11.451 11
-0.406 -5.109 8.407 9
-3.599 0.106 14.477 11
-4.872 -1.482 15.594 9
-4.894 0.028 10.742 13
-6.101 1.086 10.204 7
-6.512 -0.66 10.666 11
-7.444 -3.883 9.816 9
-5.55 -4.856 8.479 11
-3.961 0.538 16.491 9
0.092 -2.916 16.595 11
2.075 -1.534 11.13 9
1.789 1.695 12.63 11
2.264 5.896 14.503 9
3.851 8.373 9.227 11
5.238 11.244 1.818 9
4.699 13.364 5.353 11
3.38 12.558 8.174 9
1.368 11.037 4.44 11
-1.711 10.978 5.373 9
-3.388 8.018 9.991 12
-3.405 5.535 12.953 8
-1.725 2.516 11.584 14
0.114 4.585 10.416 6
0.33 3.263 10.668 11
0.036 1.831 8.517 9
-1.048 -1.515 4.839 11
-1.517 -2.64 4.095 9
-2.378 -2.424 9.587 11
-2.085 0.891 16.168 9
-1.328 1.149 17.783 11
-2.722 -1.132 12.572 9
-5.119 0.186 12.115 14
-2.254 -2.85 11.616 6
-2.101 -2.312 12.068 11
-1.456 -2.588 12.398 9
2.63 -0.632 11.496 11
4.465 0.205 9.157 9
5.428 -0.223 6.957 12
4.187 3.722 12.858 8
5.597 0.165 10.068 14
3.402 2.062 4.607 6
1.814 5.431 4.954 11
2.147 10.86 10.131 9
0.396 12.854 9.043 12
-0.375 14.755 5.089 8
0.231 14.83 6.769 11
0.537 10.154 1.341 9
-0.554 4.917 3.186 11
0.773 4.653 10.842 9
1.794 3.068 18.606 12
0.17 1.765 19.002 8
0.758 -1.088 12.194 12
2.096 -3.469 5.521 8
2.051 -7.332 2.729 11
1.268 -5.925 5.358 9
0.43 -4.358 10.007 12
-1.508 -3.413 12.65 8
-0.814 -4.75 11.539 14
0.382 -3.72 10.83 6
-2.141 -2.25 13.994 11
-3.864 -1.334 17.375 9
-4.417 -2.711 15.585 12
-7.723 0.442 15.944 9
-5.285 1.14 12.893 11
0.576 3.939 8.834 8
3.832 8.239 6.057 11
5.386 9.914 3.375 10
5.541 13.157 3.22 11
4.579 10.883 1.247 9
3.626 10.518 3.545 11
2.242 9.911 9.391 9
0.631 10.228 13.739 10
-1.33 8.72 12.829 10
-2.194 6.928 10.355 11
-1.963 5.821 10.375 9
-1.804 2.157 7.976 13
-2.231 0.73 5.215 7
-1.833 -0.714 5.807 10
0.014 -4.087 4.803 10
0.141 -4.109 7.015 11
0.155 -2.255 11.217 9
1.441 -3.633 12.837 11
-0.286 -1.889 12.212 9
1.289 -1.783 12.701 10
1.686 -2.401 13.447 10
-0.934 -2.206 14.696 11
-3.512 0.07 17.46 10
-0.082 -0.627 13.309 10
3.788 0.857 6.107 9
0.89 2.147 8.068 10
-0.253 2.744 12.601 10
-1.328 4.113 15.944 11
-2.516 2.777 9.247 9
1.54 10.63 7.204 13
3.889 10.424 -4.03 7
0.547 12.218 -5.948 10
1.767 10.789 1.903 10
2.376 7.885 8.902 11
1.43 7.298 11.844 9
3.211 6.925 13.515 11
1.959 4.17 12.555 9
1.513 3.099 10.746 11
3.973 2.406 8.908 9
5.609 -0.684 5.486 11
4.191 -2.445 2.911 9
3.235 -0.099 4.744 11
0.976 0.219 12.119 9
-1.496 -1.389 16.321 11
-0.051 -2.565 16.823 9
-0.503 -3.35 18.288 11
-2.642 -3.816 18.021 9
-3.029 -4.937 13.936 13
-3.327 -5.685 10.855 7
-5.799 -2.172 13.447 11
-6.168 0.181 19.185 9
-1.298 0.221 16.035 11
0.709 2.038 7.643 9
2.872 5.713 2.68 11
4.179 9.228 1.435 9
1.349 10.469 3.333 11
-0.271 9.691 5.579 9
1.097 10.448 8.953 11
1.236 11.087 6.772 9
0.879 12.191 1.129 11
-0.233 14.032 4.487 9
-0.517 8.532 8.094 11
-1.632 7.034 12.656 9
0.653 4.241 11.951 11
1.058 3.184 9.403 9
-1.234 -0.546 6.375 14
-0.834 -3.648 5.243 6
2.223 -0.995 8.783 11
3.096 0.819 12.894 9
3.5 1.135 13.932 11
1.236 -0.36 13.017 9
-1.222 -1.9 11.002 11
-1.533 0.47 14.061 9
0.177 0.007 15.775 11
-0.149 -0.107 10.891 9
2.424 -0.471 8.871 12
2.299 0.267 9.169 8
-0.268 1.436 9.13 11
0.354 0.782 6.367 9
-1.086 1.431 6.97 11
-4.485 2.299 9.919 9
-3.397 5.038 10.165 12
-0.711 5.433 6.621 8
-0.252 2.276 3.346 14
0.605 2.967 6.993 6
-0.035 4.113 14.833 11
-0.182 3.975 15.274 9
3.499 3.864 11.238 12
4.623 2.312 9.573 8
0.069 0.984 9.406 11
0.629 1.629 10.278 9
0.231 4.381 12.535 11
-0.027 1.654 8.638 9
1.458 3.603 6.201 12
0.955 5.131 9.809 8
0.006 2.209 8.675 11
0.526 1.835 7.074 9
0.585 1.324 9.443 12
0.342 -0.272 8.483 8
-0.906 1.891 10.991 12
-0.635 2.176 15.473 8
0.048 3.276 15.533 14
-0.914 4.551 14.616 6
1.255 0.564 7.702 11
1.11 -0.177 2.767 10
-0.922 1.459 9.267 11
-0.21 1.977 13.456 9
0.791 2.992 11.05 11
0.344 0.771 9.411 9
-0.59 0.375 6.642 10
0.184 5.728 10.717 10
-0.06 4.802 9.486 11
1.523 1.517 4.996 9
1.776 2.91 11.257 11
0.63 -1.596 15.14 9
-3.281 2.942 18.195 10
0.19 2.336 12.928 10
5.852 2.991 1.871 11
5.721 2.367 -4.769 9
4.069 3.134 1.886 13
-1.64 4.921 19.374 7
-2.152 2.606 15.822 11
-0.985 0.146 9.34 9
0.594 0.138 5.555 11
-1.846 2.746 8.406 9
1.47 1.151 6.882 11
3.603 2.772 8.029 9
0.594 3.809 16.984 10
-0.673 2.186 19.521 10
-0.754 3.893 17.309 11
2.361 2.803 12.923 9
1.957 -0.079 5.707 11
-0.639 -0.794 -1.802 9
1.722 5.161 -0.44 10
3.104 6.558 3.924 10
0.205 6.153 6.967 11
-0.133 5.694 9.136 9
-0.281 3.244 9.951 13
0.316 1.087 9.921 7
-0.888 1.136 10.305 10
-1.301 1.581 10.179 10
1.616 3.218 9.24 11
1.527 1.043 9.366 9
-0.948 3.473 15.657 11
-0.019 5.081 19.27 9
3.251 0.144 8.546 11
2.057 -1.267 -0.888 9
1.857 -0.902 5.818 11
0.76 -0.96 16.505 9
-1.496 -1.346 17.671 11
-2.079 0.524 12.621 9
1.618 2.899 7.504 11
3.657 3.834 4.286 9
1.429 2.818 4.834 11
-0.837 4.269 9.522 9
-0.315 4.898 10.955 14
1.077 4.391 8.256 6
0.486 2.898 10.388 11
-1.092 1.189 11.373 9
-2.969 4.202 12.26 11
0.38 4.509 12.66 9
1.324 3.277 8.527 11
-0.087 -0.09 5.786 9
-1.777 3.691 9.872 11
-0.423 3.922 10.194 9
1.589 2.97 4.294 11
-0.377 1.475 9.799 9
0.933 -2.695 14.545 11
-1.706 0.701 18.187 9
-2.382 1.472 18.453 11
0.915 1.842 10.949 9
1.684 0.726 2.423 11
0.536 5.895 6.925 9
2.748 5.807 10.898 14
2.935 1.78 2.029 6
1.235 1.64 2.665 11
1.078 2.379 14.065 9
-1.366 0.212 18.864 11
-1.472 0.644 12.271 9
-0.165 0.666 7.317 12
0.617 3.168 7.89 8
1.361 0.919 5.983 11
0.839 2.88 8.258 9
-0.5 4.334 16.799 11
-0.585 3.151 16.831 9
-1.321 3.779 13.056 11
0.035 2.583 6.308 9
0.538 0.438 0.25 11
0.453 1.926 5.503 9
1.133 0.791 14.132 12
-0.402 2.717 15.348 8
1.291 1.249 7.657 14
1.346 3.912 8.137 6
0.14 2.639 13.478 11
0.049 1.695 12.247 9
-1.097 2.042 9.281 12
0.505 3.393 6.016 8
1.654 1.558 1.965 11
-1.433 3.226 8.692 9
-1.875 3.196 18.471 11
0.561 2.639 13.582 9
1.422 1.549 3.479 12
1.237 3.763 6.601 8
2.51 -0.872 10.627 12
1.617 -1.796 10.383 8
-0.474 0.616 14.798 12
1.04 2.908 18.236 8
2.017 1.276 11.591 12
0.577 0.642 4.288 8
0.112 4.961 7.907 14
1.247 5.535 11.182 7
0.823 2.084 8.23 10
-0.688 1.706 11.03 10
0.099 2.199 8.825 11
0.937 2.448 8.939 9
-0.433 3.782 13.113 11
-0.248 2.461 12.136 9
0.172 1.961 8.27 10
1.763 1.187 6.943 13
2.059 1.608 10.703 8
1.134 2.027 14.544 9
-1.175 3.721 16.735 11
-0.966 3.8 13.707 9
1.92 2.765 4.526 10
2.909 1.432 0.38 10
1.222 3.771 4.116 11
-0.737 2.059 9.558 9
-1.657 2.911 9.794 13
-0.933 4.284 8.374 7
1.544 3.156 3.961 10
1.352 -0.027 4.65 10
1.551 -1.682 12.416 11
0.208 1.251 19.493 9
0.958 -0.873 16.564 11
1.543 0.247 7.164 9
1.648 1.173 4.944 10
-0.131 2.524 12.17 10
-0.377 1.237 12.005 11
0.876 2.448 9.543 9
1.624 1.571 10.031 11
1.218 -0.577 7.554 9
0.001 -0.824 6.593 11
-1.177 2.215 11.51 9
0.278 2.287 9.48 11
0.671 0.875 5.248 9
0.401 0.583 8.646 13
-0.025 1.401 12.996 7
0.069 0.004 9.455 11
0.423 2.713 6.804 9
1.328 2.214 8.2 11
1.097 0.699 10.781 9
0.931 -0.45 13.369 11
-1.78 1.498 17.123 9
-2.342 2.13 16.446 11
0.264 1.873 8.057 9
0.068 1.133 2.604 11
-1.462 1.376 4.836 9
-0.41 1.461 9.018 11
-0.265 0.287 8.203 9
0.724 1.394 9.619 11
1.722 1.142 9.494 9
0.818 -1.877 7.998 11
-0.035 3.033 14.196 9
0.732 0.244 16.777 14
1.395 -1.426 7.59 6
0.569 2.129 8.742 11
1.063 2.524 13.227 9
0.651 1.623 9.211 11
-0.119 1.211 8.379 9
0.012 3.126 11.941 11
0.676 2.821 9.035 9
0.893 -0.394 4.042 11
0.703 -1.659 7.229 9
-0.779 -0.186 15.702 11
-0.922 -0.617 18.601 9
-1.122 -1.14 15.327 11
-2.563 2.315 13.062 10
1.315 2.833 9.781 10
3.585 2.542 2.945 9
2.017 4.13 3.515 11
1.314 3.153 8.106 9
1.125 0.322 7.144 14
0.653 -0.143 10.153 6
-1.012 0.093 15.926 11
-1.968 0.351 15.648 9
-1.255 2.242 13.033 11
-1.101 0.28 9.048 9
-1.441 1.785 7.64 11
0.006 1.532 8.388 9
-0.991 2.175 9.391 11
0.076 2.389 11.888 9
0.684 2.858 12.315 11
1.51 -0.456 7.216 9
0.508 0.597 8.857 11
0.42 1.096 15.079 9
2.209 -3.189 8.039 11
0.784 -0.783 7.078 12
0.384 2.759 17.671 9
0.487 0.893 15.459 8
0.823 1.593 5.131 14
2.261 4.096 5.779 6
1.617 3.904 8.459 11
0.032 1.626 6.372 9
-0.224 0.776 10.248 12
-0.608 0.874 13.227 8
0.181 -0.143 11.826 11
-0.052 0.624 11.516 9
-0.469 1.083 14.347 11
0.144 0.073 11.855 9
0.253 1.671 11.511 12
1.197 1.027 12.379 8
0.732 0.909 9.815 12
1.823 0.648 7.3 8
1.619 3.241 10.395 11
0.882 2.552 11.098 10
1.279 1.885 6.183 11
1.012 0.217 5.66 9
-0.024 -0.806 9.02 13
-1.004 0.399 12.868 7
-2.004 0.783 12.834 10
-0.873 2.773 10.034 10
1.599 2.247 7.79 11
1.633 1.027 6.77 9
0.533 0.503 9.36 11
-0.399 3.91 14.557 9
2.768 2.504 12.329 10
3.53 -2.245 2.325 10
0.518 -0.731 6.943 11
-0.404 2.552 17.186 9
0.35 1.386 13.374 11
2.201 -2.977 1.72 9
0.017 -0.22 8.884 10
-0.277 -0.307 17.873 10
-0.259 -0.404 14.326 11
-0.645 1.252 11.645 9
1.476 1.094 8.605 13
2.039 1.753 5.634 7
1.238 1.919 9.589 11
0.731 1.535 11.869 9
0.517 1.535 10.505 11
0.957 -0.86 6.575 9
0.322 0.812 9.012 11
0.227 1.189 14.83 14
0.133 -0.566 11.865 5
0.666 -0.957 7.599 10
1.23 1.738 10.759 11
1.07 2.252 12.871 9
0.019 1.58 9.813 11
0.19 2.164 8.016 9
0.691 3.268 5.847 11
1.098 -0.248 3.736 9
-1.203 -0.657 9.102 11
-1.686 -0.195 14.727 9
-0.017 0.846 12.826 13
1.468 -1.766 6.173 7
-0.01 -1.771 6.357 11
-0.448 2.811 16.739 9
3.529 -0.545 13.085 11
2.955 -2.384 5.504 9
1.178 -1.207 12.415 11
0.892 0.484 17.6 9
-0.852 -0.069 14.097 11
0.48 0.306 7.481 9
1.745 2.321 7.991 11
0.801 1.365 9.857 9
0.616 -0.98 7.098 11
0.317 0.876 8.273 9
0.551 0.93 9.446 11
0.6 -0.003 5.592 9
-0.198 0.363 8.037 11
-0.263 1.306 12.466 9
0.612 1.146 13.486 14
0.455 -1.283 11.812 6
-1.083 0.172 12.237 11
-0.164 2.438 12.966 9
1.793 1.906 7.511 12
2.017 -0.226 2.7 8
0.463 1.934 8.678 11
0.121 2.192 16.114 9
1.095 0.984 11.584 11
0.202 1.054 9.062 9
0.781 -1.506 5.597 11
-0.715 -0.775 7.264 9
-0.39 -1.698 11.655 11
-1.683 0.837 13.87 9
-0.867 3.19 16.236 11
2.344 2.215 8.883 9
2.677 -0.633 0.092 11
1.497 -1.842 3.006 9
-0.313 3.592 17.235 15
2.221 0.551 17.01 5
3.605 -1.932 3.996 11
1.66 -0.511 7.102 9
0.497 1.195 15.91 12
-0.884 -0.186 8.242 8
-0.381 2.492 11.73 11
1.575 0.963 11.328 9
0.84 -0.803 7.578 12
0.171 0.461 9.148 8
0.771 1.427 10.684 12
0.75 1.747 8.47 8
0.988 0.208 7.044 11
0.459 -0.053 9.628 9
-0.818 1.684 15.142 11
0.77 -0.181 12.642 9
-0.36 0.353 8.498 12
-0.59 1.582 11.889 8
1.593 1.786 11.684 14
1.3 1.45 8.179 6
1.081 0.961 7.896 11
0.882 1.151 10.212 9
1.545 -0.19 10.29 12
0.773 0.378 12.102 8
-0.718 0.924 14.993 11
-1.188 1.858 13.718 9
0.585 1.503 9.445 11
1.032 0.793 5.891 9
-0.611 2.85 8.377 14
0.225 3.358 11.636 7
1.387 0.413 7.105 11
1.641 -3.617 2.345 9
1.074 -0.687 10.234 10
-0.614 2.179 19.604 10
1.941 0.454 15.896 11
2.54 0.508 3.435 9
1.522 2.018 3.727 13
0.387 1.064 10.427 7
-0.173 -0.552 10.206 10
-1.121 1.793 12.378 10
0.199 1.367 12.269 11
0.49 1.365 6.369 9
0.387 0.395 3.79 11
-0.744 0.598 8.92 9
-1.284 0.705 12.144 10
-0.835 1.106 10.228 10
0.618 -0.738 8.151 11
-0.124 -0.649 10.795 9
-1.092 1.416 13.94 11
0.53 0.952 10.233 9
0.8 2.022 8.659 10
0.237 0.958 13.226 10
0.689 -0.22 10.96 11
0.007 1.238 10.972 9
1.393 1.816 7.01 13
2.553 1.777 2.129 7
2.161 0.32 6.487 10
-0.229 -1.915 14.352 10
-2.722 0.463 19.114 11
-0.765 1.618 16.066 9
0.553 1.298 7.104 11
0.325 1.177 1.351 9
-0.506 2.659 4.83 11
0.807 2.449 9.142 9
1.874 0.866 7.521 11
0.849 1.084 8.243 9
0.545 1.301 12.123 11
2.227 -1.452 7.657 9
1.244 -1.504 6.908 11
-0.743 -0.468 14.778 9
-0.88 0.884 17.646 11
0.227 -2.115 11.375 9
-0.186 0.175 9.355 14
-0.817 -0.087 13.537 6
0.342 -0.715 10.006 11
0.057 1.739 7.197 9
-0.746 2.121 10.446 12
0.383 1.933 9.643 8
1.086 0.806 5.852 14
0.421 -0.311 7.165 6
-0.068 -0.885 11.162 11
-0.574 1.012 14.073 9
-0.292 0.709 15.076 11
0.43 0.391 11.017 9
-0.143 1.277 10.329 11
1.119 0.902 11.335 9
1.897 1.577 11.25 11
2.687 0.22 9.17 9
1.206 1.827 11.349 11
0.748 1.448 14.007 9
0.817 1.982 12.596 14
0.687 3.123 12.155 6
0.357 0.86 10.557 11
-1.208 2.412 9.254 9
-0.287 1.139 8.034 11
-0.633 1.371 7.05 9
-0.817 0.53 9.358 11
1.289 1.267 9.553 9
1.526 1.183 5.735 11
1.027 3.519 8.877 9
2.323 -0.144 10.086 12
3.073 -2.204 7.924 8
1.511 0.104 13.002 11
0.415 1.106 18.738 9
0.626 0.679 14.179 11
-0.508 -0.231 8.134 9
-1.419 3.817 10.208 12
1.397 5.296 11.361 8
2.738 1.666 1.406 14
1.011 -0.703 -1.128 6
0.638 -2.74 9.667 11
-0.775 -0.684 18.328 9
-1.482 0.736 18.005 12
1.154 -0.943 11.333 8
0.055 -0.815 7.702 11
-1.81 1.139 12.193 9
-1.143 2.375 14.68 11
1.634 2.91 11.761 9
2.206 0.857 6.825 12
1.416 2.059 5.907 8
1.71 1.926 6.704 11
2.9 1.792 6.754 9
0.617 2.366 10.848 11
0.076 -0.724 11.542 9
-0.287 1.25 9.966 12
-0.372 1.54 9.758 8
-0.394 1.452 8.281 14
-0.193 1.418 4.54 6
-0.898 -1.807 6.209 11
-1.923 1.663 12.776 9
-0.7 2.979 17.595 12
2.393 1.611 12.269 9
2.185 -0.79 6.068 11
1.039 -0.922 5.658 9
-0.882 3.823 12.953 10
2.127 -0.778 12.15 10
3.757 -4.425 5.005 11
-1.371 -0.074 12.187 10
-0.635 1.617 19.516 10
2.82 -1.302 14.034 9
0.459 -1.106 4.574 11
0.465 3.048 6.663 9
1.881 3.928 10.797 11
0.889 0.272 5.132 9
-1.256 -0.001 10.706 13
-0.083 1.379 12.264 7
2.435 0.45 5.527 10
0.831 1.772 3.572 10
-1.605 1.016 10.483 11
-2.392 3.113 13.841 9
-0.007 3.952 11.068 11
2.337 0.978 4.881 9
1.052 0.905 5.668 10
0.454 0.639 9.675 10
0.238 0.063 10.868 11
0.666 -1.501 11.278 9
0.563 -2.594 12.134 11
-1.802 -0.864 15.133 9
-2.072 -0.772 15.221 10
0.931 -0.899 9.496 10
2.004 -1.606 6.566 11
-0.067 -1.289 10.004 9
-1.033 1.631 14.447 13
0.951 1.587 13.123 7
1.617 -0.454 8.045 11
0.429 -0.739 7.518 9
-0.371 2.123 11.881 12
1.908 2.173 10.209 8
2.101 0.811 4.618 11
0.493 0.084 6.738 9
-1.968 1.929 13.913 11
1.549 0.325 11.095 9
2.902 -1.717 5.406 11
0.442 1.307 11.688 9
1.459 1.002 16.381 11
1.938 0.272 11.168 9
0.137 0.772 10.542 11
-0.569 1.934 17.311 9
-0.454 1.127 16.117 11
-1.845 1.923 9.766 9
1.027 2.729 5.56 14
4.12 1.984 1.119 6
1.658 1.408 -0.424 11
-0.834 0.378 9.033 9
-0.413 -0.83 13.825 11
-0.634 -0.114 11.269 9
-0.061 1.972 11.481 11
1.641 -0.043 9.583 9
0.585 -1.829 12.989 11
-0.33 1.461 16.771 9
1.365 0.107 10.826 11
1.677 0.06 7.632 9
0.83 1.968 11.878 11
0.79 2.319 11.786 9
1.015 1.334 7.639 11
0.538 0.26 6.962 9
-0.824 0.253 9.773 11
-0.32 1.473 11.186 9
0.343 0.256 10.836 14
0.633 -2.197 8.293 6
-1.675 -0.746 10.587 11
-0.972 0.35 13.314 9
-0.21 1.127 12.938 11
1.58 -0.121 7.799 9
1.424 1.163 7.661 11
0.779 2.615 11.561 9
1.927 2.947 10.738 11
3.15 -0.425 3.901 9
0.793 -0.549 5.217 12
-0.757 1.88 14.909 9
0.215 1.91 16.099 10
0.637 0.177 8.547 10
-0.068 0.253 8.772 10
-1.52 1.847 15.155 9
-1.245 0.572 13.308 12
0.859 1.028 5.988 9
1.275 2.069 7.158 13
0.679 1.186 9.009 6
1.252 -0.246 6.153 11
0.706 -0.023 9.174 9
0.119 0.031 14.699 12
0.648 -0.98 12.454 9
-1.267 0.957 13.09 10
-0.659 1.203 13.504 9
0.514 1.215 9.18 11
0.531 1.691 7.978 9
1.438 1.947 10.793 12
1.923 0.962 8.793 8
1.927 -0.531 7.635 12
0.982 0.286 11.011 8
-0.296 1.304 13.832 11
0.579 0.915 11.399 9
0.197 1.696 9.717 12
0.755 1.122 11.412 9
-0.256 1.544 11.721 13
0.931 0.905 10.025 6
-1.364 2.672 7.396 11
0.438 4.228 6.918 10
3.303 3.309 2.354 11
0.379 2.701 3.133 9
0.375 -0.008 11.555 11
0.251 0.136 17.026 9
-0.587 1.58 17.571 11
2.539 -1.958 9.226 9
1.298 -2.369 1.474 11
-1.7 0.3 7.933 9
1.121 2.348 15.213 11
2.555 0.383 11.359 9
1.057 -1.253 8.48 10
-0.666 1.468 13.895 10
0.806 1.597 14.073 11
1.461 -0.641 6.346 9
1.134 -0.789 5.546 13
-0.192 2.216 13.904 7
0.24 1.667 14.75 10
0.411 0.599 8.635 10
0.372 -0.043 7.489 11
-0.146 0.0 9.543 9
0.402 -0.438 7.423 11
-0.025 2.125 8.389 9
1.565 1.719 9.012 10
1.501 1.827 6.316 10
1.301 1.665 9.845 11
1.076 1.639 13.672 9
0.532 0.25 12.114 11
1.037 -0.463 9.352 9
0.741 -0.092 10.447 11
-1.024 0.168 11.744 9
-0.257 1.049 11.756 11
1.126 1.581 11.78 9
-0.184 1.886 13.333 13
-0.696 1.311 9.672 7
0.62 1.812 5.826 11
2.083 1.643 6.739 9
2.0 -0.113 7.545 11
-0.169 0.863 11.727 9
-0.821 1.898 16.568 11
0.778 0.751 12.154 9
1.697 0.07 6.47 11
1.104 -0.793 8.494 9
2.218 1.786 13.724 11
3.599 -0.799 5.218 9
0.794 0.702 5.593 11
1.423 2.725 11.481 9
2.089 1.889 9.858 11
1.243 -0.462 6.63 9
0.89 -0.005 10.894 11
-0.667 1.657 16.934 9
-0.309 0.806 12.788 14
0.017 2.654 7.322 6
1.595 1.749 6.291 11
1.106 2.449 6.274 9
0.504 0.948 8.115 11
0.39 0.214 7.343 9
0.445 0.356 9.323 11
1.115 -0.277 11.246 9
-0.556 0.33 12.611 11
-0.968 1.07 13.696 9
0.91 -0.011 9.996 12
-0.184 0.371 8.633 8
0.356 1.142 11.872 11
1.884 0.747 11.152 9
0.372 -0.232 10.241 11
1.344 -0.663 10.541 9
0.533 0.693 13.241 12
-0.582 0.443 11.689 8
-0.48 2.67 8.771 14
2.494 3.375 6.33 6
2.155 2.485 6.238 11
0.803 0.014 8.71 9
-0.657 -0.404 13.293 11
-0.936 -2.157 12.847 9
-0.053 -1.277 9.657 11
-0.135 0.632 11.483 9
-0.876 2.296 14.933 11
0.297 1.79 11.908 9
1.312 2.47 7.825 12
0.987 2.817 9.726 8
0.51 2.794 10.034 11
1.528 1.614 7.112 9
2.09 0.622 4.339 11
0.294 1.249 7.258 9
0.169 2.191 12.385 12
0.769 0.715 10.465 8
-0.797 -0.9 7.037 14
-0.462 0.942 10.381 6
0.42 -1.733 10.858 11
0.044 -1.777 8.432 9
0.211 -0.076 14.036 12
-0.708 -0.238 15.255 8
-1.293 2.007 11.274 11
1.091 2.691 8.23 9
2.539 3.282 5.433 11
1.487 1.546 3.087 9
0.159 1.368 5.779 12
-0.393 2.098 11.101 8
0.512 -0.085 10.797 12
0.55 -0.535 9.154 8
-0.887 0.178 12.456 11
-0.281 0.189 14.019 10
1.123 -1.231 10.135 11
0.048 -0.566 10.751 9
0.235 0.899 13.302 13
1.328 1.67 11.958 7
0.664 1.37 7.824 10
0.696 1.705 6.414 10
2.303 2.282 6.635 11
2.12 1.769 8.873 9
-0.359 1.572 11.611 11
-1.271 2.395 11.674 9
1.116 1.863 8.44 10
0.497 0.061 6.214 10
-1.355 1.091 11.462 11
-0.779 1.229 13.745 9
0.549 -0.246 9.787 11
1.222 -0.333 7.526 9
0.574 -0.21 10.84 10
-0.217 0.623 12.844 10
1.085 1.176 11.734 11
2.968 0.126 9.373 9
1.275 0.676 9.194 13
0.958 1.696 11.589 7
1.309 1.591 11.841 10
-0.047 -0.744 8.323 10
-0.726 0.494 7.724 11
-0.439 2.968 12.604 9
1.059 0.553 9.829 11
0.702 -1.146 7.452 9
-0.047 0.225 12.855 10
-0.389 0.818 17.462 10
-0.15 -0.695 12.482 11
0.144 0.824 6.376 9
1.605 2.89 8.336 11
1.593 2.41 5.117 9
1.001 1.923 6.057 11
-0.07 2.831 11.189 9
1.325 0.524 9.921 11
0.418 0.414 8.326 9
-0.688 0.255 11.057 13
-1.022 1.015 10.781 7
0.576 0.179 8.447 11
1.395 0.116 10.78 9
1.434 0.503 15.228 11
-2.222 0.644 15.558 9
-0.131 1.144 8.585 11
2.516 1.832 6.864 9
2.29 -0.682 6.858 11
-0.47 1.141 12.735 9
-0.466 3.101 16.148 11
1.019 1.422 10.79 9
1.892 0.43 3.67 11
0.9 1.699 7.36 9
-0.141 1.974 13.887 11
-0.027 1.076 13.496 9
0.547 -0.91 9.771 11
-0.377 0.342 9.752 9
0.12 1.122 11.495 14
0.784 3.202 11.182 6
2.683 1.766 9.042 11
4.082 -0.079 5.922 9
1.488 1.32 8.781 12
1.296 2.674 12.634 8
1.676 2.099 8.745 11
0.638 0.593 4.584 9
0.25 1.349 8.006 11
0.082 2.905 14.984 9
0.369 1.544 15.003 11
0.732 -0.797 8.793 9
-0.785 -0.05 8.814 11
-0.371 1.128 12.299 9
0.722 2.059 11.492 11
1.161 0.725 10.018 9
0.104 1.17 8.13 12
-0.192 2.785 9.615 8
1.774 2.234 6.439 14
1.884 1.794 3.355 6
0.985 1.379 7.661 11
0.246 0.212 11.526 9
-0.688 -0.222 11.932 12
-0.341 0.299 13.834 8
-0.239 -0.627 11.105 11
0.406 -0.273 9.172 9
1.766 1.142 11.334 11
1.574 1.833 11.49 9
1.454 0.824 7.82 12
0.831 1.808 7.772 8
1.176 1.637 9.871 11
1.012 0.705 8.85 9
0.391 1.077 8.574 11
-0.945 2.333 11.999 9
-0.718 2.236 11.987 12
1.022 -0.643 7.456 8
-0.939 -0.003 10.502 14
-1.49 0.648 15.06 6
0.709 0.517 13.755 12
2.187 0.225 9.156 8
1.351 0.99 10.951 12
0.436 0.264 13.101 8
0.078 0.609 10.089 11
0.165 3.43 12.416 9
2.835 1.981 10.43 11
2.722 1.293 5.732 10
0.398 1.128 8.664 11
-0.103 1.712 11.268 9
0.054 1.97 8.871 11
0.77 1.228 4.679 9
0.537 2.404 7.382 10
0.523 0.861 10.519 10
0.427 -0.941 8.337 11
-0.177 0.332 10.336 9
0.228 0.944 14.507 14
0.417 -0.353 10.673 6
0.062 0.532 8.434 11
0.25 1.462 11.793 9
0.365 1.714 12.971 11
-0.435 2.32 11.624 9
0.178 1.42 8.536 11
0.67 3.057 7.226 9
1.446 3.454 7.899 10
1.386 1.403 6.657 10
0.237 0.15 8.021 12
-0.072 0.073 11.372 8
-0.387 0.229 12.445 11
0.381 -0.871 9.461 9
0.904 -0.706 10.2 11
1.283 0.333 10.618 9
0.953 0.528 12.678 11
0.967 -0.117 10.757 9
0.387 -0.062 9.535 13
1.244 -0.726 7.582 7
-0.154 0.693 9.932 10
0.478 1.0 10.529 10
0.478 2.733 10.401 11
1.697 0.311 7.646 9
-0.473 2.22 8.187 11
-0.557 0.645 10.953 9
-0.447 1.538 7.532 11
0.503 2.893 6.749 9
2.591 1.75 8.077 11
1.287 -0.559 11.168 9
-0.118 -2.745 12.744 11
-1.756 -0.471 15.517 9
-0.5 -0.645 15.955 11
1.242 -1.249 9.74 9
0.453 -0.654 6.966 11
-0.502 0.816 10.509 9
1.52 1.489 13.189 13
2.458 -0.393 10.042 7
1.467 -1.018 7.753 11
0.0 -0.591 10.551 9
0.469 0.811 11.231 11
0.903 0.082 8.965 9
-0.061 1.182 10.031 11
0.336 0.369 12.679 9
0.8 -0.055 10.523 11
0.112 -0.055 9.697 9
0.673 0.251 10.73 11
-0.777 0.905 12.131 9
0.269 -0.16 8.602 11
0.479 1.652 7.611 9
0.459 1.36 9.981 11
0.431 0.815 7.472 9
1.693 1.517 6.379 11
1.954 -0.096 7.982 9
-1.215 0.597 10.681 14
-1.031 2.009 13.289 6
1.173 0.5 10.19 11
0.269 0.042 8.082 9
-0.475 -1.125 10.354 12
-0.641 0.911 12.239 8
0.193 -0.566 10.146 11
-1.107 1.231 13.434 9
1.661 -0.153 12.017 11
0.574 0.796 8.732 9
0.907 -0.12 9.051 12
1.825 -0.078 10.438 8
0.973 1.505 11.942 11
1.735 1.398 11.621 9
2.783 -0.365 7.323 11
0.059 0.784 8.794 9
-1.722 -0.17 12.873 12
-0.244 -0.468 11.243 8
0.179 0.445 9.347 14
2.053 0.694 11.66 6
2.755 -0.044 10.762 11
0.942 -1.306 8.539 9
-0.512 0.755 11.605 12
0.829 1.319 15.075 8
2.464 0.339 11.802 11
2.36 -1.367 6.887 9
0.577 0.199 6.906 11
0.451 2.26 12.866 9
0.786 1.584 12.771 12
0.239 0.19 6.423 8
0.93 1.025 7.484 12
0.697 -1.238 12.82 8
-1.986 2.026 12.149 11
2.079 4.35 11.506 9
4.233 0.625 12.317 12
-6.783 -1.235 8.166 8
-3.645 -2.043 3.693 14
2.039 1.398 3.866 7
5.607 -1.158 5.899 10
2.014 -0.339 10.438 10
0.635 1.932 17.252 11
1.866 -0.292 17.314 9
-2.944 0.709 10.868 11
-0.914 1.972 9.306 9
2.16 1.475 8.567 10
-0.392 2.749 8.618 10
0.676 2.792 11.557 11
3.313 1.034 8.905 9
1.466 -0.283 7.467 11
0.3 -1.398 8.754 9
0.202 1.044 11.716 10
1.026 2.373 11.61 10
1.663 -1.077 6.296 11
0.839 -0.129 5.848 9
0.862 1.203 10.955 13
1.136 1.154 13.283 7
0.942 -0.371 11.683 10
1.045 -1.818 8.72 10
1.034 0.073 9.756 11
2.123 0.5 12.12 9
1.541 -0.346 11.605 11
-1.17 2.008 11.3 9
-0.056 4.162 13.074 10
4.58 1.745 7.799 10
3.306 0.182 3.7 11
-1.807 -0.296 7.513 9
-1.718 4.105 11.49 11
4.099 0.113 6.446 9
0.342 0.386 8.344 11
-3.245 1.398 13.749 9
2.495 2.922 16.2 11
3.828 0.074 6.854 9
-0.638 -1.912 3.387 13
-0.546 0.596 10.562 7
0.1 2.58 18.006 11
0.821 0.124 14.033 9
2.163 -1.629 5.838 11
1.751 -1.365 6.045 9
0.028 -0.208 13.107 11
0.347 0.7 14.061 9
1.179 3.836 13.271 11
2.414 1.24 7.899 9
0.661 0.169 5.032 11
-0.624 -1.19 8.148 9
-0.794 -0.606 13.982 11
-1.11 -0.36 12.892 9
1.292 0.182 7.647 11
1.969 0.885 7.508 9
0.571 1.261 10.183 11
0.441 0.724 10.478 9
1.054 -0.373 8.145 14
-0.278 -1.11 9.285 6
-0.954 -0.472 11.137 11
0.296 -0.55 12.278 9
0.283 -0.12 12.887 11
-0.231 0.851 12.311 9
1.079 0.591 10.855 11
0.657 -0.35 9.516 9
-0.145 1.0 10.295 11
0.046 0.851 10.414 9
-2.494 0.468 13.318 11
-1.952 0.936 17.839 9
1.639 0.472 13.676 11
-0.16 0.238 13.757 9
-0.58 0.592 12.931 11
-0.815 0.836 12.438 9
-0.55 0.711 12.111 11
-0.175 0.407 11.857 9
0.09 0.172 11.267 14
0.215 0.058 10.51 6
0.304 -0.026 9.922 11
0.668 -0.053 9.628 9
1.009 -0.035 9.615 11
0.599 0.307 9.874 9
0.129 0.421 10.342 11
-0.292 0.205 9.907 9
-0.83 0.204 9.284 11
-1.372 0.256 9.425 9
-0.949 0.271 9.637 12
-0.372 0.471 9.194 8
-0.431 0.797 8.582 11
-0.653 0.949 8.39 9
-0.506 0.996 8.627 11
-0.308 1.046 8.673 9
0.067 1.212 8.469 12
0.512 1.407 8.516 8
0.877 1.631 8.878 14
0.623 1.881 9.165 6
-0.307 1.889 9.481 11
-1.106 1.719 9.794 9
-1.398 1.419 9.864 12
-1.389 1.324 9.485 8
-1.141 0.581 10.655 11
-0.957 1.519 8.406 9
-0.922 2.059 8.057 11
-0.535 1.884 8.963 9
-0.407 1.696 9.343 12
-0.333 1.529 9.239 8
-0.284 1.322 8.534 12
-0.402 1.367 8.031 8
-0.402 1.456 8.434 11
-0.352 1.32 9.292 9
-0.556 1.23 10.026 12
-0.616 1.36 9.819 8
-0.594 1.003 9.585 14
-0.591 0.904 9.253 7
-0.357 1.11 9.151 10
-0.368 1.199 9.565 10
-0.827 1.161 10.013 11
-1.303 1.139 10.103 9
-1.661 1.035 9.857 11
-1.515 1.123 9.63 9
-1.051 1.3 9.834 10
-0.776 1.473 10.278 10
-0.902 1.465 10.468 11
-1.277 1.451 10.433 9
-1.461 1.438 10.467 11
-1.541 1.167 10.411 9
-1.467 0.927 10.022 10
-1.021 0.949 9.642 10
-0.675 0.899 9.583 12
-0.56 0.898 9.427 8
-0.505 0.849 9.443 13
-0.37 0.658 9.561 7
-0.092 0.638 9.771 10
-0.246 0.732 9.946 10
-0.503 0.729 10.055 11
-0.774 0.693 10.147 9
-1.074 0.624 10.257 11
-1.151 0.723 10.498 9
-1.198 0.807 10.738 10
-1.314 1.013 10.898 10
-1.358 1.095 10.699 11
-1.441 0.951 10.258 9
-1.467 0.817 9.874 11
-1.527 0.706 9.464 9
-1.379 0.957 9.308 10
-1.228 1.221 9.384 10
-1.437 1.315 9.448 11
-1.721 1.241 9.494 9
-1.549 1.267 9.539 13
-1.032 1.25 9.67 7
-0.548 1.231 9.614 11
-0.221 1.176 9.45 9
-0.163 1.043 9.356 11
-0.374 0.906 9.349 9
-0.457 0.963 9.558 11
-0.448 1.041 9.815 9
-0.4 0.934 10.042 11
-0.149 0.922 9.944 9
-0.067 1.159 9.972 12
-0.338 1.014 9.991 8
-0.286 0.993 9.967 11
0.264 1.131 10.057 9
0.928 1.325 10.228 11
1.358 1.446 10.423 9
2.202 1.265 11.118 11
3.532 1.035 11.118 9
1.783 1.708 8.913 14
0.273 1.347 8.58 6
-0.302 0.931 9.679 11
-0.769 0.909 10.296 9
-0.712 0.164 11.03 11
0.775 2.064 10.231 9
1.303 2.684 10.232 11
0.886 1.588 10.738 9
0.655 0.72 11.188 11
0.568 0.433 11.177 9
0.65 0.492 10.69 11
1.02 0.794 10.087 9
1.441 1.018 9.846 11
1.818 1.07 9.87 9
1.862 1.027 9.864 11
1.656 1.051 9.801 9
1.289 1.151 9.991 12
0.647 1.158 10.162 8
0.258 1.074 10.132 14
0.278 1.161 9.823 6
0.572 1.105 9.729 11
1.024 0.72 9.717 9
1.505 0.636 9.892 12
1.99 0.651 10.437 8
2.526 0.62 10.704 11
2.686 0.438 10.706 9
2.818 0.377 10.754 11
3.048 0.6 10.369 9
2.759 0.848 9.997 12
2.204 1.034 10.021 8
1.735 1.158 9.92 11
1.218 1.194 10.184 9
1.21 0.967 10.331 11
1.493 0.529 10.344 9
2.081 0.131 10.155 12
2.731 0.152 9.92 8
3.553 0.397 9.843 14
3.756 0.25 9.608 6
4.009 0.158 10.307 12
4.023 0.548 10.733 8
3.982 0.749 10.926 12
3.562 0.536 10.447 8
3.089 0.104 9.437 11
2.869 -0.217 8.5 9
3.159 -0.105 8.401 11
3.62 0.265 8.839 9
3.985 0.559 9.655 12
4.143 0.641 10.25 8
3.83 0.254 10.112 12
3.146 -0.176 9.498 9
2.876 -0.149 9.095 10
3.041 0.179 9.188 10
3.638 0.456 9.904 11
4.358 0.497 10.727 9
4.477 0.389 10.969 13
3.755 0.314 10.283 7
2.882 0.204 9.874 10
2.392 0.19 9.694 10
2.158 0.065 9.187 11
2.062 -0.037 9.533 9
2.168 -0.153 10.28 11
1.929 -0.421 10.451 9
1.555 -0.56 9.803 10
1.506 -0.562 9.351 10
1.836 -0.457 9.432 11
2.494 -0.377 9.768 9
3.284 -0.302 10.2 11
4.053 -0.268 10.271 9
4.267 -0.311 9.982 10
4.08 -0.309 9.965 10
3.734 -0.237 9.584 11
3.312 -0.111 8.863 9
2.78 -0.108 8.38 13
2.427 -0.204 8.113 7
2.458 -0.144 8.139 10
2.735 0.126 8.292 10
2.751 0.201 8.318 11
2.732 -0.22 8.417 9
2.835 -0.723 8.134 11
3.22 -0.62 7.943 9
4.124 -0.133 8.355 10
4.843 0.217 9.388 10
4.958 0.145 10.278 11
4.631 -0.065 10.644 9
4.03 -0.183 10.451 11
3.174 -0.148 9.655 9
3.078 0.036 9.205 11
3.159 -0.012 8.801 9
3.403 0.019 8.704 11
3.696 0.05 9.03 9
3.755 0.156 9.375 13
3.611 0.415 9.699 7
3.435 0.445 10.11 11
3.433 0.302 10.36 9
3.673 0.164 10.226 11
4.091 -0.004 10.116 9
4.784 -0.02 10.688 11
5.155 -0.085 11.341 9
5.177 -0.146 11.422 11
4.835 -0.18 10.605 9
4.685 -0.575 8.199 11
3.312 -0.793 10.245 9
3.012 -0.769 7.776 11
2.332 -0.751 7.903 9
1.772 -0.773 9.91 11
1.699 -0.478 11.841 9
2.025 -0.199 11.643 11
2.001 -0.366 10.703 9
2.288 -0.414 9.572 14
2.485 -0.541 9.203 6
2.503 -0.97 9.475 11
2.296 -1.634 9.754 9
2.275 -2.298 10.155 11
2.75 -2.081 11.359 9
3.81 -1.033 11.473 11
4.564 -0.345 10.506 9
4.377 -0.475 10.033 11
3.728 -1.004 10.332 9
3.07 -1.344 10.38 12
2.485 -1.199 8.928 8
1.914 -1.03 8.678 11
1.511 -0.938 8.571 9
0.468 -0.459 8.622 11
0.065 -0.882 11.379 9
0.354 -1.258 11.878 11
0.912 -1.443 11.282 9
1.598 -1.586 10.84 14
2.135 -1.83 10.647 6
2.428 -1.909 10.366 11
2.676 -1.688 10.272 9
2.78 -1.47 10.022 12
2.686 -1.03 10.358 8
2.822 -0.383 10.729 11
3.964 -0.158 10.977 9
4.129 -0.261 11.092 11
3.78 -0.057 10.96 9
3.044 -0.328 10.619 12
2.283 -0.762 9.847 8
1.86 -0.888 9.074 11
1.877 -0.75 8.834 9
2.236 -0.52 8.764 11
2.512 -0.226 8.355 9
2.72 -0.043 8.098 12
2.817 0.047 8.154 8
2.81 0.105 8.592 14
2.783 0.107 9.482 6
2.982 0.14 11.616 11
2.3 -0.301 11.889 9
1.682 -0.597 12.205 12
1.37 -0.508 11.936 8
1.328 -0.356 11.595 11
0.922 -0.213 11.45 9
0.134 -0.626 11.026 11
-0.608 -1.151 10.062 9
-0.891 -1.574 9.201 12
-0.901 -1.746 8.383 9
-0.336 -1.534 8.064 11
0.223 -1.076 7.933 9
0.927 -0.605 9.07 10
1.733 -0.186 10.531 10
2.028 0.009 11.483 11
1.387 0.005 11.11 9
0.972 -0.012 10.765 13
0.903 -0.345 10.526 7
0.74 -0.982 10.335 10
0.465 -1.556 9.733 10
0.431 -1.739 9.221 11
0.905 -1.322 9.044 9
1.279 -0.807 8.64 11
1.514 -0.438 8.562 9
1.082 -0.622 8.607 10
0.411 -1.185 9.249 10
0.123 -1.709 10.157 11
0.338 -1.78 10.824 9
0.684 -1.48 11.17 11
0.742 -1.125 11.194 9
0.532 -0.56 10.703 10
0.25 -0.563 10.903 10
0.584 -0.893 14.531 11
0.372 -1.391 12.591 9
0.452 -0.674 7.915 13
0.692 -0.297 6.768 7
0.618 -0.171 7.533 10
0.42 0.062 8.811 10
0.123 0.119 9.535 11
-0.384 0.184 9.329 9
-0.234 0.206 9.091 11
0.401 0.143 9.056 9
0.869 0.09 9.44 11
1.0 0.054 9.988 9
0.916 0.087 10.429 12
0.547 0.082 10.232 9
0.061 0.147 9.685 10
-0.034 0.357 9.384 10
0.143 0.641 9.501 10
0.268 1.004 10.078 9
0.238 1.016 10.349 11
-0.29 0.854 10.034 9
-0.887 0.752 10.114 13
-0.945 0.85 10.548 7
-0.462 0.89 10.93 11
0.002 0.81 10.994 9
0.143 0.445 10.553 11
0.141 0.114 10.096 9
0.091 0.095 9.509 11
0.223 0.274 9.299 9
0.374 0.39 9.409 11
0.26 0.18 9.443 9
0.156 -0.052 9.725 11
0.19 0.022 9.719 9
0.18 0.257 9.366 11
-0.001 0.274 9.3 9
-0.176 0.127 9.6 11
-0.08 -0.008 10.152 9
0.197 -0.178 10.421 11
0.248 -0.201 10.166 9
-0.006 -0.098 9.601 14
-0.483 -0.016 9.097 6
-0.613 0.25 9.083 11
-0.456 0.448 9.267 9
-0.3 0.529 9.419 12
-0.238 0.336 9.625 8
-0.141 0.134 9.804 11
-0.114 0.047 9.696 9
-0.185 -0.089 10.233 11
-0.081 -0.119 10.667 9
-0.037 0.011 10.746 12
-0.165 0.095 10.456 8
-0.372 0.095 10.183 11
-0.406 0.12 10.202 9
-0.314 0.161 10.427 11
-0.279 0.09 10.819 9
-0.378 0.087 10.995 12
-0.521 0.173 10.848 8
-0.503 0.299 10.823 14
-0.435 0.4 10.652 6
-0.489 0.387 10.21 11
-0.536 0.339 9.824 9
-0.353 0.327 9.647 12
-0.02 0.275 9.786 8
0.168 0.226 9.729 11
0.165 0.269 9.431 9
0.098 0.462 9.434 11
0.146 0.667 9.597 9
0.269 0.693 9.646 12
0.229 0.614 9.512 8
0.181 0.487 9.359 11
0.293 0.487 9.138 9
0.347 0.635 8.865 11
0.366 0.82 8.886 9
0.454 0.998 9.125 12
0.45 1.1 9.013 8
0.445 0.997 9.015 14
0.505 0.872 9.312 6
0.79 0.692 9.926 11
1.042 0.621 10.368 9
1.153 0.769 10.328 12
1.039 0.729 9.844 8
0.605 0.285 10.155 12
1.02 0.39 11.406 8
1.47 1.145 12.351 12
1.226 1.307 10.795 9
0.6 1.015 9.137 11
0.669 0.6 8.86 9
1.321 0.487 9.595 11
1.497 0.374 10.401 9
1.221 0.28 10.949 10
0.729 0.092 11.552 10
0.45 0.256 11.821 11
0.223 0.399 11.101 9
-1.321 0.14 10.149 13
-1.821 0.354 9.381 7
-1.592 0.788 9.482 10
-1.034 1.119 9.9 10
-0.777 1.045 9.911 11
-0.741 0.747 9.727 9
-0.738 0.578 9.601 11
-0.809 0.496 9.627 9
-0.815 0.458 9.983 11
-0.607 0.565 10.588 9
-0.449 0.619 11.213 11
-0.532 0.54 11.381 9
-0.782 0.53 11.081 11
-0.881 0.611 10.849 9
-0.751 0.694 10.764 10
-0.526 0.747 10.635 10
-0.39 0.764 10.364 11
-0.376 0.74 9.989 9
-0.336 0.729 9.561 13
-0.217 0.758 9.488 7
-0.161 0.798 9.715 11
-0.19 0.787 10.023 9
-0.261 0.703 10.421 11
-0.209 0.681 10.655 10
-0.241 0.67 10.595 10
-0.469 0.578 10.373 9
-0.551 0.593 10.119 11
-0.584 0.71 9.972 9
-0.718 0.818 9.847 11
-0.845 0.841 9.828 9
-0.903 0.863 9.805 11
-0.887 0.905 9.736 9
-0.78 0.932 9.691 11
-0.697 0.873 9.488 9
-0.633 0.824 9.272 11
-0.514 0.803 9.379 9
-0.415 0.793 9.659 14
-0.263 0.856 9.757 6
-0.23 0.885 9.771 11
-0.304 0.969 9.791 9
-0.432 1.046 9.657 11
-0.462 1.263 9.531 9
-0.429 1.498 9.353 11
-0.475 1.594 9.15 9
-0.469 1.639 8.926 11
-0.465 1.632 9.143 9
-0.369 1.663 9.473 12
-0.421 1.706 9.872 8
-0.529 1.78 10.143 11
-0.584 1.93 10.242 9
-0.581 2.009 10.304 11
-0.539 2.039 10.259 9
-0.398 2.021 10.184 11
-0.271 1.98 10.231 9
-0.252 1.915 10.357 14
-0.276 1.911 10.46 6
-0.341 1.943 10.612 11
-0.393 1.918 10.7 9
-0.397 2.008 10.694 11
-0.371 2.092 10.516 9
-0.38 2.066 10.298 11
-0.508 2.017 10.079 9
-0.775 1.892 10.031 11
-1.002 1.811 10.162 9
-1.084 1.757 10.314 12
-1.125 1.724 10.316 8
-1.133 1.666 10.153 11
-0.991 1.739 9.904 9
-0.979 1.799 9.705 11
-1.101 1.78 9.53 9
-1.239 1.65 9.536 12
-1.2 1.522 9.845 8
-1.061 1.516 10.127 14
-0.983 1.52 10.295 6
-1.063 1.555 10.399 11
-1.231 1.695 10.539 9
-1.427 1.824 10.444 12
-1.701 1.887 10.349 8
-1.867 1.915 10.42 11
-1.955 1.929 10.457 9
-1.931 1.844 10.434 11
-1.683 1.686 10.326 9
-1.332 1.549 10.174 12
-1.03 1.434 9.932 8
-0.875 1.294 9.782 11
-0.767 1.243 9.601 9
-0.684 1.256 9.509 11
-0.635 1.226 9.561 9
-0.606 1.125 9.698 12
-0.648 1.092 9.713 8
-0.797 1.165 9.73 14
-0.978 1.284 9.646 6
-1.006 1.337 9.476 11
-0.937 1.276 9.258 10
-0.824 1.171 9.124 11
-0.801 1.085 8.92 9
-0.829 1.093 8.797 11
-0.815 1.237 8.816 9
-0.768 1.337 8.921 10
-0.733 1.388 9.069 10
-0.787 1.418 9.139 11
-0.866 1.428 9.141 9
-0.926 1.406 9.091 11
-0.94 1.364 9.069 9
-0.883 1.382 9.02 10
-0.806 1.43 8.993 10
-0.837 1.407 9.082 11
-0.9 1.329 9.427 9
-0.845 1.309 9.873 13
-0.876 1.277 10.226 7
-0.957 1.41 10.065 10
-0.957 1.492 9.764 10
-0.945 1.512 9.727 11
-0.86 1.526 9.991 9
-0.766 1.459 10.512 11
-0.83 1.309 10.946 9
-0.99 1.253 10.993 10
-1.147 1.35 10.742 10
-1.343 1.548 10.527 11
-1.538 1.746 10.302 9
-1.526 1.941 10.206 11
-1.44 1.923 10.177 9
-1.264 1.802 10.359 10
-1.01 1.739 10.374 10
-0.926 1.718 10.12 11
-1.015 1.775 9.763 9
-1.067 1.886 9.489 13
-0.975 2.024 9.377 7
-0.854 2.13 9.415 11
-0.769 2.035 9.491 9
-0.645 1.863 9.567 11
-0.408 1.664 9.664 9
-0.119 1.428 9.891 11
0.202 1.214 10.126 9
0.489 1.057 10.326 11
0.648 1.025 10.344 9
0.608 0.884 10.237 11
0.387 0.681 10.243 9
0.475 0.377 10.969 11
0.806 0.306 11.146 9
0.971 0.183 10.898 11
0.782 0.105 10.622 9
0.569 0.138 10.462 11
0.506 0.371 10.302 9
0.351 0.512 10.114 14
0.175 0.532 9.469 6
-0.035 0.489 8.789 11
-0.038 0.351 8.228 9
-0.019 0.16 7.845 11
0.055 -0.153 8.182 9
0.526 -0.499 9.712 11
1.285 -0.427 11.496 9
1.496 -0.109 12.172 11
0.815 0.231 11.697 9
-0.408 0.241 10.881 11
-1.306 0.183 10.478 9
-1.533 0.309 10.858 11
-1.153 0.538 11.51 9
-0.812 0.655 11.417 11
-0.779 0.443 10.553 9
-0.86 0.151 9.792 12
-0.755 0.075 9.471 8
-0.442 0.146 9.646 14
-0.225 0.511 10.492 6
-0.181 0.468 12.156 11
0.248 0.451 12.673 9
0.002 0.684 12.739 11
-0.381 0.407 12.002 9
-0.522 0.296 10.891 11
-0.223 0.554 9.906 9
0.125 0.668 9.142 11
0.291 0.586 8.682 9
0.358 0.497 8.724 12
0.421 0.552 9.303 8
0.355 0.633 9.871 11
0.497 0.785 10.209 9
0.761 0.763 10.54 11
0.882 0.626 10.939 9
1.009 0.771 11.193 12
0.957 0.784 11.23 8
0.794 0.653 10.907 14
0.684 0.592 10.578 6
0.69 0.682 10.219 11
0.735 0.817 9.749 9
0.788 0.935 8.596 12
# end
#Wed Oct 28 19:51:23 CET 2015