# Accelerometer Values
# filename:  Acelerometro__5.txt
# Saving start time: Wed Oct 28 19:50:14 CET 2015

# sensor resolution: 5.985504E-4m/s^2
#Sensorvendor: STMicroelectronics, name: K330 3-axis Accelerometer, type: 1,version : 1, range 19.6133

# X value, Y value, Z value, time diff in ms
3.485 0.418 9.622 11
3.391 0.386 9.533 9
3.349 0.333 9.551 11
3.336 0.244 9.58 9
3.383 0.295 9.643 11
3.396 0.389 9.699 9
3.38 0.319 9.714 13
3.345 0.201 9.668 7
3.391 0.214 9.63 11
3.411 0.244 9.645 9
3.432 0.232 9.657 11
3.465 0.309 9.671 9
3.381 0.255 9.628 11
3.322 0.205 9.596 9
3.4 0.288 9.578 11
3.5 0.315 9.57 9
3.502 0.313 9.576 12
3.482 0.307 9.586 8
3.446 0.319 9.557 11
3.408 0.34 9.58 9
3.353 0.353 9.628 11
3.315 0.358 9.618 9
3.399 0.374 9.63 11
3.427 0.323 9.635 9
3.432 0.323 9.642 14
3.424 0.278 9.631 6
3.488 0.334 9.652 11
3.447 0.409 9.63 9
3.375 0.303 9.537 11
3.321 0.235 9.51 9
3.387 0.322 9.527 11
3.38 0.333 9.573 9
3.372 0.38 9.554 11
3.247 0.295 9.51 9
3.281 0.29 9.504 12
3.311 0.343 9.576 8
3.351 0.402 9.617 11
3.383 0.434 9.503 9
3.352 0.298 9.636 11
3.378 0.272 9.694 9
3.521 0.462 9.673 12
3.448 0.514 9.698 8
3.373 0.417 9.759 14
3.353 0.52 9.638 6
3.505 0.616 9.645 11
3.484 0.541 9.579 9
3.295 0.43 9.493 12
3.127 0.405 9.485 8
3.175 0.492 9.56 11
3.348 0.585 9.648 9
3.449 0.578 9.722 11
3.494 0.803 9.83 9
3.476 0.523 9.854 12
3.406 0.36 9.52 8
3.416 0.497 9.433 11
3.317 0.48 9.476 9
3.206 0.315 9.488 11
3.22 0.221 9.546 9
3.268 0.211 9.571 12
3.385 0.247 9.643 8
3.595 0.419 9.721 14
3.695 0.846 9.795 6
3.326 0.786 10.063 11
3.093 0.131 9.814 9
3.291 0.183 9.476 12
3.529 0.419 9.582 8
3.588 0.296 9.583 12
3.288 0.198 9.439 8
3.182 0.366 9.411 11
3.442 0.058 9.418 9
3.431 0.208 9.112 12
3.412 0.551 8.992 8
3.317 0.527 9.31 12
3.244 0.457 9.563 8
3.3 0.608 9.622 11
2.728 0.723 10.14 9
2.442 0.676 10.128 12
2.511 0.743 10.089 9
2.473 0.712 9.974 13
2.358 0.605 9.802 7
2.279 0.496 9.646 10
2.304 0.453 9.559 10
2.483 0.397 9.638 11
2.807 0.486 9.658 9
3.016 0.584 9.666 11
2.93 0.507 9.679 9
2.682 0.407 9.616 10
2.466 0.33 9.601 10
2.394 0.342 9.552 11
2.434 0.381 9.642 9
2.444 0.348 9.809 11
2.567 0.466 9.904 9
2.716 0.502 10.03 10
2.627 0.299 9.974 10
2.594 0.231 9.785 11
2.601 0.299 9.615 9
2.439 0.519 9.522 13
2.253 0.583 9.682 7
1.77 0.373 9.734 10
1.789 0.406 9.844 10
2.353 0.703 9.931 11
2.917 0.916 10.123 9
2.946 0.753 10.134 11
3.043 0.69 9.961 9
3.447 1.041 9.645 11
3.223 1.152 9.449 9
2.574 0.85 9.531 11
2.314 0.642 9.598 9
2.465 0.715 9.645 11
2.574 0.884 9.949 9
2.782 1.06 10.234 11
2.722 1.054 10.329 9
2.534 1.004 10.25 11
2.186 0.813 10.07 9
1.983 0.677 9.883 14
2.157 0.747 9.675 6
1.977 0.791 9.66 11
2.083 1.177 9.784 9
2.012 1.304 9.849 11
1.422 0.939 9.831 17
1.504 1.018 9.962 3
1.96 1.312 10.095 9
2.321 1.433 10.316 11
2.476 1.221 10.343 9
2.661 0.776 9.478 12
2.315 -0.289 8.184 8
3.347 1.362 9.545 11
3.16 2.562 10.166 9
2.898 1.436 10.157 11
2.931 1.239 9.7 9
2.807 1.097 9.436 11
2.852 1.312 9.77 9
2.457 1.505 10.172 14
1.79 1.631 10.14 6
1.362 1.735 9.879 11
1.102 2.079 10.102 9
1.322 1.968 10.205 11
1.736 1.675 10.517 9
1.839 2.068 10.202 11
1.824 2.273 9.758 9
2.337 2.112 9.823 11
2.571 2.092 9.765 9
2.495 2.089 9.705 12
2.305 1.959 9.46 8
2.29 1.967 9.322 11
2.423 2.071 9.295 9
2.51 2.108 9.121 11
2.445 1.942 8.746 9
2.138 1.852 8.405 12
2.329 1.665 8.191 8
2.401 1.49 8.096 14
2.013 1.246 8.406 6
2.323 1.321 8.807 11
2.669 1.083 9.02 9
3.005 1.086 9.162 12
3.403 1.136 9.113 8
3.621 1.027 8.809 11
3.286 0.685 8.403 9
2.535 0.069 8.243 11
2.482 -0.342 8.881 9
3.463 0.147 9.855 12
3.982 0.263 10.953 8
4.064 0.134 11.732 11
4.252 0.165 11.581 9
4.564 0.305 11.011 11
4.449 0.298 10.238 9
4.358 0.275 9.747 12
4.557 0.463 9.37 8
5.017 0.893 9.707 14
5.293 1.002 9.977 6
5.407 1.19 10.226 11
4.674 0.913 10.031 9
4.782 0.459 9.906 12
5.275 0.975 9.974 9
5.456 1.252 10.061 11
5.157 1.224 9.48 8
4.64 1.034 9.02 11
4.914 1.167 8.947 9
5.286 1.256 9.205 12
5.227 1.081 9.525 8
4.805 0.508 9.535 12
4.782 0.536 8.763 8
5.153 0.869 7.782 11
4.99 0.659 8.026 12
4.905 0.738 8.505 9
4.805 0.799 8.91 9
4.958 0.821 9.345 13
4.899 0.65 9.186 7
4.22 0.299 8.839 10
4.198 0.304 8.331 10
4.549 0.586 7.913 13
4.413 0.539 8.121 7
4.213 0.343 8.48 11
4.425 0.339 8.818 9
4.875 0.435 9.372 10
4.322 0.387 9.439 10
3.809 1.036 10.005 11
2.698 1.267 10.815 9
2.002 1.496 10.417 11
2.231 1.667 8.777 9
2.271 1.783 8.08 10
2.516 1.732 8.772 10
2.734 1.562 8.747 11
3.068 1.591 8.743 9
3.813 1.116 8.847 13
4.909 1.095 9.046 7
4.443 0.045 8.404 11
6.068 0.412 8.608 9
7.922 0.709 9.156 11
7.586 0.073 8.511 9
6.268 0.037 7.796 11
5.688 -0.08 8.51 9
6.291 0.758 9.452 11
6.453 0.994 9.685 9
5.798 0.821 9.167 11
5.773 0.71 9.038 9
5.566 0.475 8.984 11
5.142 0.233 8.828 9
5.355 0.186 8.73 11
5.382 0.412 9.33 9
4.554 0.252 9.409 11
3.832 0.18 9.364 9
3.46 0.174 9.212 14
3.382 0.309 8.95 6
3.564 0.417 8.892 11
3.676 0.201 8.897 9
3.415 0.341 9.601 11
3.297 0.059 9.715 9
3.398 0.853 9.889 11
3.186 0.116 10.171 9
2.063 0.229 8.87 11
2.81 -0.88 8.525 9
4.513 0.742 9.504 11
4.438 0.574 11.769 10
3.69 -0.511 10.769 10
2.987 -1.302 8.579 9
2.826 0.241 7.793 11
3.606 0.529 9.139 9
4.885 0.471 10.234 11
4.903 -0.195 9.53 9
4.407 -0.574 9.08 14
4.222 -0.179 9.475 6
4.811 -0.205 10.034 11
4.857 -0.433 9.166 9
4.395 -0.359 8.951 16
4.835 0.123 9.74 6
5.124 0.873 10.454 9
4.842 0.722 10.433 9
4.519 0.931 10.264 11
4.211 0.615 10.396 9
3.856 0.308 9.337 12
3.394 0.332 8.415 8
3.511 0.414 8.333 11
3.558 0.703 8.864 9
3.453 0.712 10.409 11
3.648 0.935 11.86 9
3.796 0.851 11.596 12
3.08 0.63 10.359 8
2.476 0.409 9.57 14
2.201 0.852 9.885 6
2.552 0.811 10.032 11
2.731 0.651 9.697 9
2.439 1.683 10.077 12
2.416 0.363 9.415 8
2.475 0.328 8.68 11
1.943 0.561 9.724 9
1.76 0.463 9.84 11
1.647 0.724 9.649 9
2.044 0.882 9.425 12
2.079 0.712 9.355 8
1.978 0.357 9.311 11
2.017 0.475 9.536 9
1.827 0.456 10.12 11
1.493 0.459 9.92 9
1.42 0.493 9.574 12
1.707 0.766 9.421 8
1.852 0.729 9.406 14
1.868 0.636 9.583 6
1.926 0.53 9.794 11
2.006 0.503 9.933 9
2.048 0.45 10.366 12
2.251 0.793 10.081 8
1.9 0.499 9.72 12
1.551 0.192 10.132 10
1.778 0.335 9.982 9
2.117 0.605 10.102 10
2.407 0.901 10.039 11
2.483 0.941 9.95 9
2.482 0.966 9.955 11
2.533 1.095 9.791 9
2.511 1.162 9.631 10
2.427 1.117 9.614 10
2.281 0.997 9.689 11
2.059 0.761 9.915 9
1.807 0.585 10.181 13
1.87 0.694 10.29 7
2.036 0.84 10.13 10
1.965 0.87 9.91 10
1.888 0.769 9.746 11
1.853 0.678 9.463 9
1.793 0.533 9.379 11
1.789 0.406 9.371 9
2.07 0.584 9.962 10
2.365 0.808 10.386 10
2.279 0.705 10.582 11
1.847 0.342 10.319 9
1.49 0.146 9.859 11
1.504 0.265 9.455 9
1.662 0.404 9.396 10
1.729 0.518 9.81 10
1.614 0.584 10.16 11
1.764 0.485 9.867 9
1.454 0.443 9.501 13
1.558 0.54 9.307 7
1.972 0.713 9.666 11
2.169 0.602 10.165 9
2.215 0.666 10.448 11
2.217 0.659 10.449 9
2.312 0.746 10.302 11
2.322 0.814 9.923 9
2.337 0.869 9.552 11
2.343 0.891 9.516 9
2.228 0.868 9.557 11
2.456 1.203 9.7 9
2.642 1.261 10.351 11
2.351 0.714 10.199 9
2.542 0.954 9.132 11
2.316 1.268 9.529 9
2.27 1.338 10.581 11
2.494 1.42 10.807 9
2.455 1.367 10.328 14
2.501 0.815 9.349 6
3.366 1.122 8.626 11
2.229 1.245 9.547 9
2.503 0.149 8.926 11
2.214 0.481 8.54 9
3.463 1.371 10.831 11
4.216 1.986 12.395 9
3.172 0.924 10.991 11
1.646 0.393 9.967 9
2.304 1.322 10.352 11
2.486 0.733 10.83 9
1.774 0.423 9.512 11
1.539 1.006 8.999 9
1.592 1.016 9.129 11
2.611 0.828 9.53 9
3.662 1.193 9.719 12
4.127 1.491 10.071 8
3.375 1.372 10.627 14
2.837 1.015 10.224 6
2.319 0.834 9.727 11
1.972 0.993 9.771 9
1.614 1.368 10.092 12
1.227 1.31 10.129 8
1.341 0.802 9.816 11
1.204 0.649 9.569 9
0.969 0.675 9.668 11
1.08 0.574 9.743 9
0.848 0.408 9.96 12
0.883 0.538 10.206 8
1.336 0.645 10.283 11
1.619 0.519 10.388 9
1.557 0.304 10.33 11
1.534 0.164 10.038 9
1.107 0.21 9.309 12
-0.52 -0.218 8.872 8
-1.322 -0.453 8.249 14
-0.309 -0.085 8.365 6
1.058 1.101 9.254 11
2.139 1.407 10.061 9
2.346 1.14 10.527 12
2.127 0.97 11.125 8
2.14 0.946 10.866 11
2.175 0.893 10.357 9
2.105 0.632 10.075 11
1.774 0.453 10.108 9
1.557 0.528 10.465 12
1.568 1.057 10.604 8
1.429 1.228 10.411 12
1.067 1.03 10.144 8
1.14 0.943 9.933 12
1.772 0.872 9.639 8
1.572 0.46 9.055 12
0.922 0.299 9.259 9
0.329 1.368 10.349 13
1.157 1.564 11.074 6
2.067 1.437 9.8 11
2.6 0.715 8.848 10
3.062 0.131 8.737 11
3.36 0.29 8.916 9
3.376 0.548 9.496 11
2.71 -0.022 9.569 9
1.624 -0.756 8.767 10
1.942 -0.114 9.06 10
2.454 0.271 10.034 11
2.685 -0.026 10.862 9
2.889 -0.133 10.553 11
3.119 1.07 10.431 9
3.76 0.556 11.675 10
3.919 0.347 12.193 10
3.429 0.019 11.095 12
2.868 0.4 9.121 8
2.085 0.85 8.63 13
1.745 0.714 9.822 7
2.865 0.998 9.36 10
3.479 0.997 9.396 10
3.586 0.458 9.56 11
3.327 0.452 9.339 9
2.994 0.74 9.391 11
3.117 0.93 9.648 9
2.94 0.76 9.94 10
2.545 0.439 10.052 10
2.861 0.499 10.001 11
3.02 0.569 9.909 9
2.277 0.235 9.889 11
1.62 -0.031 9.497 9
1.962 0.203 9.771 11
2.561 0.532 10.582 9
2.531 0.548 10.668 11
2.135 0.427 10.384 9
1.957 0.351 10.046 13
2.203 0.492 9.641 7
2.557 0.564 9.501 11
2.753 0.637 9.629 9
2.68 0.681 9.798 11
2.781 0.767 10.174 9
2.918 0.898 10.864 11
2.819 0.91 10.988 9
2.567 0.816 10.194 11
2.52 0.855 9.705 9
2.664 1.007 9.719 11
2.607 0.927 9.852 9
2.585 0.984 9.595 11
2.639 1.165 9.519 9
2.455 1.082 9.712 11
2.389 1.176 9.729 9
2.14 0.596 9.758 11
1.968 1.13 9.731 9
2.475 1.423 9.318 14
2.439 1.352 9.631 6
2.379 1.462 9.718 11
2.351 1.428 10.252 9
2.38 1.043 10.498 11
2.391 1.135 9.302 9
2.51 1.853 9.208 11
1.994 1.383 9.858 9
1.451 1.182 9.513 11
1.733 1.279 9.496 9
2.251 1.575 9.934 12
2.502 1.719 9.705 8
2.345 1.626 9.644 11
2.264 1.599 9.895 9
2.29 1.625 9.804 11
2.297 1.653 9.504 9
2.244 1.768 9.58 12
2.213 1.878 9.746 8
2.257 1.953 9.703 14
2.397 2.025 9.42 6
2.328 1.998 9.138 11
2.197 2.005 9.271 10
2.39 1.985 9.479 11
2.597 1.988 9.503 8
2.261 1.799 9.504 11
2.039 1.793 9.516 9
1.999 1.763 9.769 11
1.62 1.568 9.613 9
1.43 1.702 9.9 12
1.707 1.931 10.264 8
2.1 2.415 9.962 11
2.133 2.741 9.637 9
1.937 2.637 9.523 11
1.808 2.422 9.15 9
1.382 1.847 8.951 12
1.445 1.622 9.234 8
1.796 1.941 10.208 14
2.035 2.388 10.183 6
2.453 3.353 10.177 11
2.338 3.546 10.466 9
1.983 3.146 9.606 12
1.618 2.571 8.573 8
1.597 2.07 8.339 11
1.966 1.917 9.095 9
2.475 2.302 10.281 11
3.459 3.178 10.735 9
4.037 3.551 10.178 12
3.172 3.089 8.606 8
1.567 2.351 7.638 12
1.177 2.194 9.108 8
2.577 3.312 11.013 11
3.059 3.28 11.733 9
2.379 2.303 10.033 12
1.78 2.532 8.394 8
2.392 4.152 9.442 14
2.361 4.456 10.53 7
1.123 3.606 9.844 10
0.482 3.257 8.818 10
2.19 3.852 10.848 11
2.385 4.294 9.85 9
2.102 3.825 9.105 11
2.111 3.691 9.196 9
2.42 4.004 9.455 10
2.785 3.93 9.349 10
2.768 3.567 9.161 11
2.381 2.685 8.061 9
2.864 2.107 6.956 11
4.252 1.762 6.026 9
5.774 2.8 7.471 10
6.23 2.665 9.015 10
5.205 0.296 7.768 11
4.346 -1.4 7.19 9
4.622 -1.345 7.467 13
5.291 -0.009 9.662 7
5.037 0.92 12.432 10
6.322 2.642 13.451 10
7.122 4.894 12.749 11
5.218 5.286 9.744 9
2.424 5.433 8.294 11
0.97 5.824 8.075 9
-0.857 4.491 6.801 10
0.468 4.477 7.466 10
3.587 4.401 10.062 11
5.51 3.073 10.866 9
6.861 2.859 10.794 11
5.152 3.705 9.757 9
3.344 3.97 10.199 10
0.888 2.671 8.444 10
1.186 2.933 9.772 11
1.198 2.665 11.344 9
1.066 1.786 10.586 13
1.541 1.244 10.439 7
0.991 -0.73 7.359 11
3.007 -0.545 6.439 9
3.341 0.488 6.821 11
1.914 2.18 9.992 10
1.53 1.869 11.161 10
2.998 3.338 11.558 9
2.37 1.707 12.109 11
1.272 1.241 9.943 9
1.771 0.76 7.942 11
3.587 1.963 7.737 9
3.693 2.957 9.601 11
2.297 2.792 8.825 9
3.784 2.713 11.527 11
4.043 1.209 11.858 9
5.363 0.441 9.247 12
6.702 1.14 6.517 8
5.853 0.793 7.125 14
5.345 2.378 9.917 8
4.415 1.869 8.842 9
5.565 3.199 9.989 9
5.172 2.057 11.337 11
5.218 1.478 9.351 9
4.527 1.012 7.001 11
4.701 1.884 8.366 9
3.71 2.216 10.664 11
3.101 2.621 8.91 9
4.167 3.775 9.974 12
4.832 3.742 11.349 8
3.316 2.357 9.056 11
0.88 0.952 5.466 9
0.599 1.455 6.231 11
1.578 2.169 9.132 9
4.811 5.656 14.193 11
2.599 3.447 14.448 9
-1.031 -0.982 6.372 14
1.703 -1.996 6.121 6
6.18 -3.098 10.084 11
6.382 -0.223 12.474 9
4.05 -0.08 10.748 12
4.993 2.171 10.55 8
5.318 1.381 9.994 11
6.114 1.766 8.739 9
5.732 1.849 7.94 11
2.24 -0.144 6.94 9
0.562 -0.175 7.911 12
0.053 0.028 9.232 8
1.681 0.266 11.583 11
3.245 -0.825 12.103 9
3.239 0.05 10.353 11
2.594 -0.216 9.369 9
4.349 0.053 8.76 12
5.492 2.34 9.521 8
3.957 2.094 11.371 14
2.482 2.449 14.186 8
0.112 1.45 11.422 9
0.647 2.333 12.456 9
2.606 3.831 9.931 12
1.422 1.838 9.637 8
-3.727 -1.537 8.358 12
-2.311 -0.274 7.892 8
-0.317 2.592 7.584 11
0.222 3.161 7.393 9
0.706 1.354 7.623 12
1.342 -0.628 8.546 8
2.027 -1.675 8.558 12
3.184 -2.243 8.487 8
3.649 -0.985 8.204 11
4.71 -0.48 9.594 9
4.2 -0.394 10.528 12
3.565 -0.413 11.379 9
2.467 0.3 12.104 13
0.243 0.289 11.413 7
-0.669 0.782 11.449 10
-0.099 1.476 10.606 10
0.866 2.463 9.982 11
0.026 2.958 8.933 9
-2.085 2.287 8.579 11
-3.327 1.645 8.815 9
-1.604 0.951 8.177 10
0.159 1.107 8.166 10
2.24 0.488 9.75 11
4.572 1.323 9.904 9
4.138 2.256 9.752 11
1.365 1.247 8.911 9
-0.369 -0.553 8.528 10
0.972 0.638 8.627 10
2.741 1.523 9.523 11
2.495 1.796 10.65 9
2.734 2.018 9.74 13
2.19 1.738 9.473 7
1.356 1.858 8.27 10
0.845 1.902 8.454 10
1.787 3.391 9.788 11
2.535 3.794 11.011 9
1.974 3.894 11.717 11
2.602 4.064 10.681 9
2.505 4.314 10.811 11
1.668 3.697 9.829 9
3.164 5.152 10.499 11
3.217 5.213 10.638 9
2.201 5.723 9.896 11
2.546 5.847 9.079 9
3.305 5.578 10.785 11
2.84 4.926 11.333 9
3.025 4.295 9.733 11
2.938 5.727 10.199 9
1.45 5.485 10.56 14
2.043 4.671 10.851 6
3.499 4.56 11.981 11
4.443 4.763 12.455 9
4.072 3.811 10.591 11
2.567 1.446 9.742 9
1.855 0.344 8.868 11
2.691 -0.251 7.331 9
4.432 0.074 9.438 11
3.949 2.657 10.883 9
0.274 1.54 11.989 11
-0.207 1.438 10.606 9
1.498 1.865 10.304 11
1.966 0.451 8.303 9
1.286 -1.233 7.708 11
2.337 -1.238 9.394 9
2.266 -1.71 10.817 12
0.828 -0.699 11.62 8
-0.086 -1.942 11.22 14
-0.377 -1.42 9.704 6
1.626 -1.505 10.152 11
2.876 -1.022 11.698 9
2.893 -0.572 12.053 11
2.091 -2.336 8.662 9
1.082 -2.78 6.944 11
2.026 -2.466 7.562 9
3.463 -0.965 9.455 11
3.566 0.24 10.951 9
3.582 1.917 12.027 11
2.893 1.527 12.717 9
1.793 0.474 11.055 11
0.603 0.384 12.109 9
1.267 1.374 12.619 11
1.261 2.02 12.437 9
1.224 1.696 10.084 13
2.015 3.213 10.592 7
2.978 3.352 11.815 14
3.156 3.135 11.053 6
3.675 2.65 9.036 12
3.967 3.467 7.479 8
2.782 4.176 6.488 12
1.801 2.627 8.073 8
2.876 2.264 10.557 11
4.276 1.978 13.156 9
3.292 1.828 11.334 11
6.206 1.655 7.156 10
5.641 4.228 7.28 11
1.443 4.868 8.691 11
-1.296 4.926 9.764 8
-1.851 4.681 8.983 9
-3.785 4.999 9.129 11
-2.106 5.019 8.835 9
0.022 6.101 8.823 12
0.875 5.568 8.5 8
0.575 2.454 7.379 14
2.032 -1.865 5.436 6
4.884 1.9 8.866 11
5.878 2.847 13.395 14
2.287 3.333 12.972 7
0.95 3.296 8.896 8
1.101 2.925 5.133 12
1.131 3.503 7.757 9
2.549 5.059 9.026 10
3.394 6.325 10.89 9
2.045 5.021 9.257 12
1.876 5.298 6.345 9
1.651 4.026 6.089 11
0.414 2.811 9.099 9
-0.704 2.359 10.668 10
0.503 0.791 10.793 10
1.716 -0.247 9.081 11
1.917 -1.306 7.052 9
3.304 -1.156 9.657 13
2.78 -0.711 13.527 7
-0.812 -1.033 13.516 10
-1.319 -1.826 12.293 10
-0.378 -1.289 10.472 11
-0.475 -0.18 9.511 9
-1.674 -0.517 8.643 11
-2.582 -0.055 8.121 9
-3.135 -0.585 9.046 10
-3.178 -0.845 10.671 10
-2.321 -0.681 11.918 11
-1.274 -1.74 11.754 9
-0.465 -4.682 9.254 11
2.424 -5.263 9.345 9
5.376 -0.635 10.311 11
6.875 2.061 12.648 9
8.16 -2.075 11.544 11
9.798 1.083 6.699 9
11.014 2.364 6.584 13
3.564 7.449 8.992 7
-4.403 6.351 8.719 11
-7.469 5.506 9.977 9
-3.729 6.783 12.104 11
-1.453 6.939 12.916 9
-2.485 6.551 14.394 11
-1.657 5.201 11.595 11
-0.217 3.849 9.993 9
1.651 4.997 10.567 9
1.626 4.324 8.347 11
2.134 2.732 6.536 9
3.037 2.198 5.325 11
3.518 0.831 4.632 9
4.51 1.907 5.108 11
4.028 3.036 8.149 9
1.993 2.647 11.304 11
-3.794 2.162 9.993 9
-2.103 3.899 9.706 14
0.563 4.771 9.57 6
-3.089 0.339 7.243 12
-3.436 -0.24 7.871 8
-1.642 -0.005 11.269 11
-1.779 2.531 16.8 9
-4.821 0.995 15.427 11
-4.651 0.334 9.273 9
-5.282 0.672 8.047 11
-4.177 0.097 7.551 9
0.489 -0.384 7.863 11
4.544 0.46 7.258 9
6.977 0.609 5.003 11
8.617 0.508 4.679 9
8.331 0.715 7.529 11
5.258 0.198 11.942 9
2.587 -0.225 16.567 12
1.189 0.129 15.714 8
3.872 1.254 15.283 14
4.461 -1.057 10.576 6
1.371 -0.074 8.529 11
0.21 -0.153 14.034 9
1.356 -1.01 14.455 11
1.725 0.763 12.449 9
3.685 1.954 10.756 11
1.113 2.482 6.252 9
-1.064 1.228 6.273 11
4.28 1.431 9.097 9
8.732 3.281 11.399 11
1.223 2.36 4.105 9
-3.66 0.705 9.654 12
-0.937 3.951 15.787 8
-0.87 3.525 13.585 11
0.099 2.616 5.877 9
1.286 2.961 3.303 12
-0.805 5.284 12.059 8
-0.714 2.19 11.492 14
2.999 4.929 12.479 6
3.322 5.679 8.209 11
3.348 6.433 8.583 11
3.415 9.175 9.46 10
3.412 9.524 8.917 8
1.031 9.673 11.434 11
0.897 9.233 7.89 9
2.466 9.212 6.81 11
2.473 8.872 3.648 9
3.823 8.501 5.012 12
-0.384 2.873 6.882 8
-4.526 -0.705 8.225 12
0.354 -5.179 11.807 8
9.783 -4.087 15.3 12
11.395 -3.059 12.987 9
7.489 -4.551 9.244 11
7.829 -0.804 11.566 8
5.146 1.022 16.298 14
-0.898 0.386 15.902 6
-1.036 3.173 14.354 11
2.123 2.436 9.648 9
3.025 1.326 1.423 12
0.853 0.948 1.561 9
-1.194 0.238 6.069 11
-2.057 -0.643 13.748 9
-2.183 -4.232 15.601 10
-0.166 -3.598 15.504 10
5.183 0.505 14.47 11
9.121 2.95 12.553 9
9.235 3.451 5.026 11
7.442 4.783 4.62 9
6.985 4.536 12.365 10
5.994 5.681 15.02 10
4.781 8.686 11.569 11
-0.233 10.919 5.753 9
-8.145 10.436 1.132 13
-5.381 9.911 8.604 10
-5.364 4.891 7.535 9
-1.094 1.65 8.987 8
3.863 0.824 10.412 11
4.162 -0.17 8.289 9
5.836 -1.459 7.647 11
6.697 -0.263 10.411 9
2.472 -0.219 10.272 10
1.676 -0.262 9.46 10
3.004 4.136 12.223 11
0.043 0.777 8.991 9
-2.741 -1.323 3.257 11
-2.479 -0.048 4.516 9
-1.543 1.626 13.731 13
-4.753 -0.868 17.016 7
-5.017 -2.009 11.313 11
0.38 -0.524 8.869 9
4.043 -0.035 9.793 13
3.867 0.404 9.112 7
3.223 -1.299 8.47 11
2.893 -0.626 10.217 9
4.107 0.392 12.825 11
2.202 1.206 14.479 9
-1.155 -0.988 11.062 11
-1.312 -0.121 8.565 9
-0.582 2.63 8.656 11
1.823 3.741 6.579 9
2.193 3.812 8.285 11
2.193 3.438 5.348 9
3.046 4.69 5.471 11
-1.957 4.472 10.112 9
-6.122 2.92 10.002 11
-2.345 3.898 6.361 9
2.649 4.477 6.481 11
2.163 6.026 7.943 9
2.467 8.482 12.307 14
4.384 5.24 13.114 6
3.046 2.843 11.432 11
1.679 5.533 11.809 9
2.862 6.148 12.606 11
3.34 5.112 6.088 9
5.332 3.055 -0.969 11
5.816 3.918 -3.283 9
0.882 3.241 3.548 11
-3.817 -4.373 10.655 9
0.927 -5.661 11.216 11
2.215 -2.379 13.73 9
1.685 -2.685 14.586 11
2.032 -2.757 9.151 9
1.403 -3.223 11.649 11
-0.593 1.011 18.475 9
0.007 2.216 18.744 11
-2.148 1.109 12.533 9
-2.296 0.353 7.726 14
-1.459 0.231 11.197 6
-3.215 0.369 10.005 11
-1.676 -0.515 9.144 9
2.83 3.324 12.418 11
2.124 0.693 13.792 9
3.06 0.594 11.723 11
4.486 2.157 9.214 9
5.114 4.536 8.359 11
3.184 3.132 5.814 9
1.285 6.024 7.546 12
2.288 4.621 12.129 8
4.357 6.849 8.965 11
6.594 10.211 4.849 14
-1.897 10.385 1.696 6
-13.26 6.381 1.741 9
-8.956 -1.032 3.788 12
3.426 7.293 14.21 8
6.002 5.537 19.608 14
0.784 -0.666 9.581 6
-1.852 -2.974 2.382 11
4.586 1.471 13.324 9
2.048 2.341 14.118 12
-1.449 -1.743 4.486 8
1.631 -1.578 6.586 11
0.813 -2.292 15.342 9
-1.38 -0.696 16.885 16
-0.48 -0.056 17.763 7
-1.089 0.858 11.33 9
-2.391 -0.207 8.291 8
1.174 0.845 9.024 11
2.582 1.333 11.428 9
0.817 0.811 12.044 11
1.017 0.975 11.27 9
3.923 0.565 8.548 12
3.512 1.872 9.143 8
2.298 2.153 10.805 14
1.202 4.231 8.361 6
1.497 4.367 11.716 11
2.242 4.237 8.246 10
1.805 4.498 9.606 11
0.457 1.972 12.71 9
1.987 4.516 8.267 11
1.865 10.054 9.196 9
1.054 7.816 -2.279 10
-1.494 9.136 3.903 10
-2.563 3.469 6.347 11
3.232 6.464 7.319 9
6.356 6.495 9.466 11
3.53 -0.181 5.444 9
-0.143 -1.486 6.547 10
0.746 0.788 18.295 10
3.341 0.269 18.349 11
3.263 -2.7 7.249 9
7.885 -1.444 5.337 13
7.859 0.945 8.647 7
1.687 0.632 7.918 10
-1.105 -1.872 6.896 10
0.161 -5.537 9.671 11
2.161 -3.741 11.782 9
2.262 -1.799 18.207 11
0.662 -3.215 13.724 9
-4.469 -3.891 6.575 10
-6.78 -5.489 10.55 10
-3.146 -2.154 16.793 11
2.662 3.591 15.148 9
3.175 1.358 5.506 11
2.487 1.057 0.069 9
4.896 5.342 4.611 10
9.33 6.8 8.079 10
9.046 8.103 4.408 11
-1.549 8.215 5.023 9
-10.391 4.432 8.102 13
-3.44 6.107 9.97 7
-0.934 5.504 9.748 11
-4.076 1.368 9.586 9
-3.661 3.537 15.025 11
-0.106 3.775 19.606 9
0.726 4.679 15.894 11
1.124 4.614 10.406 9
2.397 4.936 6.178 11
2.141 -5.661 2.593 9
2.001 -0.718 5.683 11
4.595 2.953 17.934 9
6.974 0.857 4.092 11
0.566 -1.965 -6.689 9
-0.542 -4.002 3.204 11
-1.686 -2.506 16.891 9
-3.912 0.624 19.608 11
-1.335 2.89 6.539 9
0.646 -1.586 6.048 14
4.872 0.416 11.595 6
6.676 4.937 15.01 11
2.182 2.442 13.85 9
-2.098 -6.36 7.028 11
-2.538 -3.506 13.66 9
4.733 2.389 19.403 11
8.792 5.741 9.821 9
3.125 4.657 1.71 11
-0.544 -1.729 -2.869 14
2.582 0.724 4.37 6
3.646 1.798 12.306 9
2.311 7.187 16.398 11
2.832 8.936 19.241 9
0.77 8.316 15.906 11
-2.874 10.032 9.95 9
1.819 5.927 4.53 11
2.571 6.983 4.363 9
-1.152 1.397 7.975 14
2.704 3.104 10.231 6
4.509 -1.057 12.835 11
2.255 -1.825 5.748 9
1.887 -5.253 7.178 12
1.617 -7.844 10.606 8
2.254 -6.372 13.724 11
2.239 -4.365 18.459 9
-1.101 -4.391 19.578 11
-2.349 -6.282 17.518 9
-0.872 1.732 17.626 12
0.856 3.853 18.568 8
-4.555 0.667 8.809 11
-8.048 -1.059 2.22 9
-1.007 2.728 11.498 11
3.453 4.839 14.925 9
2.946 5.194 6.769 12
3.943 7.785 6.185 8
4.404 9.949 5.643 14
6.913 9.505 3.626 6
9.898 9.871 -1.872 11
5.121 12.127 -0.735 9
-4.999 7.947 8.662 12
-4.478 4.958 17.003 9
0.275 6.869 14.996 10
-0.781 5.592 12.437 10
-3.552 1.642 7.372 10
-4.67 -4.052 3.017 10
5.785 0.101 8.382 11
10.748 4.551 4.11 9
1.514 -6.282 0.569 11
-2.167 -5.285 5.889 8
-0.279 -5.916 19.221 11
-1.385 -2.915 19.158 10
1.842 -2.39 10.128 11
6.554 -2.343 3.67 9
3.998 0.071 5.561 13
1.863 1.328 10.005 7
4.896 3.026 13.824 10
5.507 2.014 14.65 10
3.987 -1.472 9.141 11
3.442 -2.317 3.487 9
4.126 1.072 7.269 11
3.454 3.986 11.459 9
2.773 4.042 4.407 10
3.547 5.206 -1.04 10
4.156 5.131 -0.872 11
3.573 7.791 2.775 9
-5.348 11.918 16.916 11
-13.888 7.772 19.008 9
-7.231 1.78 9.503 10
-2.133 1.347 1.563 10
-4.874 -0.7 5.813 11
-4.785 -3.786 10.757 9
-2.415 -5.432 8.204 13
0.949 -5.307 8.333 7
3.489 -3.214 11.236 10
6.278 0.307 19.024 10
8.743 5.36 16.897 12
14.034 2.154 6.53 8
10.648 -4.427 -3.262 11
5.762 -8.76 -3.787 9
5.152 -9.603 10.709 11
4.477 -5.468 19.608 9
2.94 0.894 19.608 11
0.863 7.372 18.491 9
-2.047 4.445 5.349 11
-3.322 4.079 -2.157 9
-1.453 7.837 6.514 11
-0.283 6.157 9.946 9
3.996 6.192 5.22 11
6.117 7.23 3.649 9
-0.326 4.587 3.004 14
-3.916 2.406 3.848 6
4.365 5.914 7.46 11
-6.98 -4.194 5.868 9
-1.694 -0.79 17.48 11
3.065 7.017 19.488 9
2.886 6.369 11.487 11
-3.047 -6.189 -5.647 9
-3.51 -4.989 -2.821 11
0.988 1.794 15.373 9
1.877 -1.562 19.608 11
-0.873 -2.59 12.734 9
-5.594 -2.798 8.283 11
-5.137 -2.961 18.587 9
-2.984 -1.748 19.447 11
-0.471 -4.956 7.879 9
15.106 -2.786 1.064 11
17.249 4.948 2.115 9
4.083 -4.78 1.47 14
0.441 -2.631 2.971 6
6.611 -2.947 16.624 11
6.768 0.232 18.499 9
3.618 1.226 8.57 11
1.291 5.215 5.409 9
1.503 3.589 3.698 11
-0.034 14.226 8.225 9
-15.563 8.459 17.524 11
-14.259 -2.53 14.534 9
-2.228 5.427 13.233 11
1.483 0.934 19.424 9
-1.403 -0.186 19.608 11
0.018 -4.531 12.897 9
2.537 -10.746 2.779 11
6.696 -13.408 1.311 9
12.689 -7.329 13.403 11
15.492 6.256 19.608 9
12.861 7.231 19.608 14
8.386 1.953 13.797 6
3.355 -0.936 -2.087 11
7.454 2.859 -1.691 9
10.521 9.782 4.604 12
-8.064 9.635 6.967 8
-19.179 6.08 15.266 11
-3.165 11.562 17.729 9
6.451 15.384 12.831 11
-1.039 2.677 -0.252 9
-3.268 -1.088 -10.332 12
0.888 1.007 8.893 8
5.652 2.985 19.57 11
2.536 6.172 7.981 9
-0.905 1.049 1.467 11
0.542 -2.885 6.802 9
0.275 -0.816 15.261 12
0.328 -0.8 18.607 8
0.313 -3.703 4.574 14
1.828 0.32 8.813 6
4.504 0.17 14.885 11
2.646 0.711 7.728 9
0.697 -0.964 8.611 12
-1.408 -1.13 10.673 8
-1.204 2.892 13.228 11
-1.243 1.823 12.118 9
-2.234 -0.611 2.892 11
-7.452 -3.819 4.588 9
-4.378 -0.691 16.165 12
4.378 1.434 18.432 9
5.664 -0.211 10.379 11
1.499 -5.116 2.437 9
4.567 -5.103 3.635 10
7.297 0.061 6.628 10
3.189 0.418 7.685 11
-0.149 -0.408 6.146 9
-2.014 1.938 11.196 13
-2.865 0.07 16.298 7
-1.527 -1.495 15.792 10
-0.15 -1.996 17.783 10
-0.06 -1.4 17.768 12
4.417 -1.734 11.03 8
7.476 2.088 8.72 11
3.694 2.036 10.427 9
2.078 1.776 10.484 10
3.345 5.311 11.671 10
3.476 3.101 15.428 11
5.115 -0.53 9.431 9
3.637 0.165 5.712 11
2.62 3.286 9.666 9
3.482 2.613 9.157 10
5.124 5.541 2.511 10
0.426 5.795 6.016 12
-3.164 3.339 11.288 8
0.852 2.722 12.798 13
0.962 4.572 14.556 7
0.532 3.137 9.885 10
2.198 1.301 4.008 10
-0.623 1.886 2.203 11
0.942 -1.077 7.864 9
3.104 -1.475 13.769 11
-0.608 -1.648 13.002 9
3.377 0.905 11.388 11
4.039 -0.481 6.603 9
0.269 -2.837 3.626 11
-0.587 1.251 13.11 9
0.298 1.223 18.316 11
-0.729 1.354 8.58 9
-2.457 1.702 5.013 14
1.083 -1.807 3.967 6
1.565 2.786 4.86 11
-3.919 -0.871 9.263 9
-1.213 -2.328 12.534 14
3.754 -2.044 12.132 6
0.488 -0.572 12.204 11
-1.659 0.436 13.639 9
0.215 0.82 13.563 11
1.628 -0.906 8.743 9
0.387 1.313 7.563 12
-0.703 2.27 11.142 8
-0.109 -1.422 9.703 11
-0.974 0.135 9.681 9
-0.776 -1.003 14.688 11
2.337 1.953 15.226 9
1.993 2.188 7.097 11
-0.536 4.688 4.87 9
3.942 -1.098 4.825 11
4.619 1.554 4.85 9
0.758 -0.059 10.542 11
0.965 1.26 18.953 9
2.327 0.934 14.703 14
0.562 1.321 7.866 6
-0.703 3.76 10.22 11
2.779 0.224 6.843 9
-1.742 1.614 6.923 11
-2.4 -3.775 10.275 9
-0.636 1.81 16.768 11
-0.069 4.89 17.408 9
0.714 3.416 8.17 11
2.288 1.14 1.134 9
3.33 -0.956 1.945 11
1.718 -1.741 9.21 9
0.568 -2.229 14.885 16
0.484 1.668 18.984 4
2.165 2.228 15.191 11
2.276 3.833 8.631 9
0.566 3.659 8.228 12
1.4 1.821 5.937 8
-0.77 1.904 5.595 14
-0.45 4.415 10.268 6
2.574 4.883 14.815 11
1.737 3.04 11.335 9
1.723 1.638 9.96 12
4.467 -1.465 9.212 8
3.951 -3.722 10.308 11
2.019 3.165 10.268 9
3.199 5.457 13.604 11
2.114 0.893 4.787 9
-0.085 2.204 -2.823 12
-2.262 3.014 7.368 8
2.837 0.483 18.197 11
3.441 -1.191 16.309 9
0.515 -3.946 7.666 12
-0.058 -3.145 8.57 8
0.806 2.661 14.539 12
2.962 0.626 11.508 8
1.065 3.576 7.14 14
1.552 -0.986 6.035 11
2.831 1.726 9.501 6
2.714 0.542 13.192 9
2.46 -0.003 13.467 12
1.538 -1.444 10.278 8
1.523 -3.992 7.663 12
0.395 -0.06 10.219 9
-1.089 1.086 13.147 10
0.111 -0.132 8.283 10
-0.538 4.63 8.106 11
0.013 3.126 10.614 9
2.436 2.505 10.525 11
2.193 0.402 7.347 9
-1.68 2.132 9.602 10
3.36 -1.904 11.845 10
3.715 1.149 7.471 11
-1.636 -1.529 7.4 9
0.311 -0.05 11.629 13
2.211 1.807 12.872 7
0.053 -0.398 8.44 10
0.292 2.27 11.948 10
2.856 0.086 13.635 11
0.91 -1.549 7.265 9
0.144 -1.929 8.576 11
1.826 -2.721 12.9 9
0.995 -0.82 12.102 10
2.578 3.513 6.48 10
4.486 2.39 3.19 11
-3.011 -0.597 6.918 9
-1.208 -1.935 11.447 11
3.706 -0.362 13.786 9
1.747 -1.139 8.109 10
-2.257 0.272 6.625 10
0.45 1.395 10.632 11
3.001 1.006 12.992 10
0.844 1.754 13.441 12
-0.38 -0.763 12.029 7
1.739 0.59 9.959 11
0.89 2.922 12.621 9
0.949 0.548 8.88 11
2.284 -1.077 7.668 9
2.599 -1.584 8.481 11
0.676 0.825 16.958 9
3.994 -1.075 15.96 11
3.748 -1.033 5.386 9
2.574 0.867 10.371 12
3.014 1.199 15.02 8
2.351 1.228 9.532 11
-0.092 -0.483 7.586 9
0.257 -1.077 8.269 11
0.994 3.414 10.919 9
1.058 1.374 8.492 11
-0.537 0.6 6.157 9
-0.129 1.523 10.147 14
1.296 -0.011 12.266 6
0.517 1.521 12.542 11
0.135 1.371 9.568 9
0.185 -0.017 6.687 11
0.089 1.128 7.778 9
0.427 -0.867 10.5 11
2.002 -0.127 11.219 9
1.833 0.234 12.133 11
0.68 -1.827 10.15 9
0.863 1.16 9.83 12
2.527 -1.465 13.16 8
2.668 1.269 10.537 11
0.438 0.881 10.752 9
-0.48 -1.84 9.235 11
0.402 -2.421 6.417 9
1.42 0.399 10.05 11
-0.39 -0.071 14.686 9
0.825 1.1 11.699 15
3.317 0.49 10.238 5
-0.086 2.281 15.224 11
3.419 -2.54 16.816 9
2.472 -1.321 8.969 12
0.678 1.031 11.408 8
3.153 3.845 14.015 11
3.435 3.325 6.197 9
-0.634 0.866 1.324 11
-1.407 0.782 5.502 9
1.689 1.763 11.279 12
1.697 0.858 13.392 8
0.058 -0.688 9.52 11
0.233 -1.674 8.413 9
0.319 -0.065 11.392 11
0.55 0.962 11.495 9
1.012 3.146 10.693 12
2.28 3.223 8.243 8
2.522 2.3 1.722 14
3.381 1.094 2.109 6
0.172 0.441 8.595 11
0.362 -3.005 12.534 9
2.436 -0.177 15.701 12
1.777 -1.191 13.982 8
0.139 -2.106 10.941 11
0.398 -2.246 10.543 9
1.866 -3.075 10.633 11
2.086 -1.107 11.99 9
2.121 -0.715 13.965 12
1.763 0.463 12.904 8
1.878 1.181 8.913 12
2.536 0.69 7.315 8
0.695 2.205 10.128 12
0.315 -0.356 8.826 8
0.571 -0.485 9.842 12
1.923 0.438 11.283 8
0.556 0.449 11.416 14
-0.161 1.389 11.188 7
2.527 0.059 8.557 10
2.442 0.069 5.803 10
1.155 1.488 10.707 11
1.905 2.85 13.142 9
2.54 2.88 8.69 11
1.636 2.467 5.185 9
-0.217 2.859 9.241 10
1.244 -0.627 8.662 10
0.66 0.128 6.563 11
0.973 -1.099 11.967 9
1.711 -0.692 13.205 11
0.035 -1.262 13.357 9
0.653 -1.221 11.899 10
2.837 -1.685 7.943 10
3.181 1.734 12.521 11
3.714 2.178 11.611 9
2.418 0.082 9.229 13
0.078 0.995 9.865 7
0.418 -2.994 8.085 10
1.711 0.167 7.64 10
2.088 0.961 13.59 11
-0.182 -0.026 11.828 9
-0.682 -0.115 7.839 12
0.124 1.387 9.81 8
0.424 0.809 11.549 10
0.694 0.839 8.11 10
1.048 0.158 7.754 11
-0.31 -0.292 10.452 9
-0.474 0.441 9.743 11
1.785 1.127 9.829 9
1.628 4.033 9.038 11
1.247 -0.847 7.55 9
-0.596 1.455 7.067 11
-0.019 -1.355 10.205 9
2.133 -0.243 12.526 13
1.373 -1.238 13.91 8
0.418 -0.537 12.865 10
2.455 -0.781 11.093 9
3.663 -1.578 8.437 11
0.238 1.073 10.225 9
0.638 -1.273 12.334 11
3.221 0.112 8.345 9
2.267 -0.591 8.248 11
0.004 0.93 11.31 9
-0.628 -0.538 12.163 11
1.014 -1.575 7.138 9
0.922 0.466 9.927 12
1.535 0.271 14.228 8
1.467 -0.481 11.384 11
1.039 -0.61 8.57 9
0.824 -0.536 11.327 11
1.209 -0.029 14.136 9
1.526 -0.294 10.098 14
0.82 1.149 10.366 6
1.549 1.219 11.117 11
1.816 2.795 8.355 9
1.844 0.86 7.97 11
0.053 1.693 11.473 9
2.176 0.273 10.251 11
1.844 1.054 10.075 9
-0.032 -0.362 10.356 11
0.24 0.402 9.19 9
1.839 1.972 9.032 11
1.192 2.367 10.763 9
0.506 1.803 9.715 11
1.684 0.903 6.326 9
2.816 -0.354 7.465 14
1.465 0.115 12.02 7
-0.132 0.475 14.338 10
1.898 2.411 11.256 9
3.112 2.792 8.467 14
1.206 3.321 9.634 6
0.123 -0.826 7.236 11
0.964 0.44 6.035 9
3.145 1.162 11.265 12
4.08 1.131 13.874 8
2.352 -1.63 10.432 11
0.233 -0.925 8.01 9
1.015 1.739 13.449 11
4.446 1.24 13.698 9
3.187 -1.122 6.126 12
-0.639 -0.588 6.192 8
0.316 -0.506 11.987 11
3.517 0.436 11.811 9
2.786 -0.161 8.734 11
0.573 -1.681 8.657 9
0.691 -0.515 10.815 12
0.651 -1.682 9.445 8
0.567 -1.149 8.828 14
1.165 0.69 11.938 6
1.715 0.53 11.499 11
1.176 -0.723 6.654 9
0.669 -0.196 6.358 12
1.656 -0.259 9.708 8
1.301 -0.082 11.569 11
0.318 -1.553 11.893 9
0.677 -0.308 9.702 11
0.612 1.195 12.464 9
0.582 0.022 11.55 12
-0.094 0.186 6.538 8
0.079 1.546 7.446 12
1.747 -0.784 10.005 9
0.393 0.835 10.641 10
-0.403 -3.348 10.365 10
3.396 -0.596 13.092 11
1.647 -0.626 12.85 9
-0.799 -0.966 9.719 14
-0.199 -0.035 10.338 6
2.057 0.362 11.562 10
0.597 1.673 12.8 10
0.241 -0.748 10.33 11
0.538 0.079 8.032 9
1.618 0.394 9.318 11
1.693 0.377 10.536 9
-0.276 0.508 11.613 10
-0.375 0.814 11.027 10
1.226 3.059 9.588 14
1.479 2.333 9.142 6
0.685 1.14 6.39 11
-0.957 -0.568 8.368 9
0.438 -0.476 7.959 10
1.923 0.87 11.479 10
1.982 0.761 13.581 11
1.291 0.11 11.03 9
1.648 -1.542 7.981 13
1.689 -0.307 9.765 7
0.802 1.131 13.664 10
1.717 0.103 13.181 10
2.961 -0.02 8.572 11
2.548 -0.924 6.384 9
0.392 0.781 10.666 11
0.109 0.749 13.101 9
2.353 -0.751 10.884 10
1.676 0.029 8.819 10
-0.338 -0.332 9.759 12
-1.035 -0.661 12.062 8
-0.162 0.605 11.264 11
0.562 0.31 9.606 9
1.052 0.624 10.682 11
1.467 0.685 11.181 9
1.343 -0.243 9.448 11
1.319 0.259 9.71 9
1.356 0.312 10.661 13
0.597 0.147 10.592 7
1.104 -0.736 10.338 11
1.646 0.621 11.209 9
2.17 -1.168 10.429 11
1.854 0.812 10.31 9
2.021 1.632 12.258 11
1.932 0.611 11.353 9
1.69 0.014 7.164 11
1.568 2.177 12.061 9
1.79 0.039 8.747 11
0.657 -0.746 6.481 9
0.423 0.243 9.282 11
1.241 0.951 11.552 9
1.584 1.95 10.948 11
1.258 -0.023 9.141 9
1.165 -0.979 8.153 11
1.036 0.548 9.659 9
0.861 0.96 12.045 14
1.022 0.327 10.444 6
1.32 -1.029 8.045 11
0.984 0.295 9.472 9
1.074 0.691 11.968 11
1.465 0.145 9.962 9
1.338 0.691 8.35 16
1.827 -0.583 9.255 7
1.222 -0.272 10.207 8
-0.447 0.262 11.663 9
-0.33 1.159 11.486 12
0.894 2.436 10.457 8
1.757 0.998 8.962 11
1.615 -0.917 5.767 9
-0.891 0.825 9.759 11
-0.259 -1.802 12.462 9
0.458 -0.465 10.93 12
1.354 -0.757 9.782 8
1.439 -0.428 11.883 14
1.428 -1.777 11.118 7
1.188 -1.259 9.628 10
0.866 -0.899 11.668 9
0.305 -1.059 12.325 12
-0.12 -0.712 11.089 8
1.213 0.766 11.252 11
2.633 0.114 10.59 9
2.801 -1.444 7.14 11
2.727 -2.014 5.967 14
1.679 -0.451 10.807 8
0.605 -0.426 13.9 7
-0.486 -0.745 11.904 11
0.041 -0.383 9.017 9
1.535 0.715 9.161 11
1.29 1.313 9.21 9
0.162 -0.266 7.394 12
-0.641 0.372 7.318 8
-0.281 0.67 9.873 14
1.431 0.314 9.538 6
1.301 -1.079 10.031 11
0.985 -1.017 10.603 9
0.006 -0.202 11.62 12
0.687 -0.624 12.055 8
1.553 -0.776 11.807 12
1.397 -1.061 10.485 8
1.426 -1.033 10.638 11
1.135 -0.7 11.353 9
1.125 -1.479 10.66 12
1.262 -0.809 10.269 9
1.277 -0.319 11.654 11
1.408 -0.526 10.287 9
2.177 -0.362 7.713 10
1.37 0.379 9.528 10
0.322 1.11 13.102 12
0.65 0.057 11.263 8
0.386 0.83 7.211 13
-0.098 2.139 9.629 7
0.395 3.145 12.325 13
1.361 0.741 9.541 7
1.18 -0.019 6.265 11
0.79 0.363 7.973 9
-0.058 1.696 13.278 11
0.349 1.487 14.338 9
1.347 1.923 10.119 10
1.641 1.553 9.43 10
2.654 1.584 9.751 11
2.241 0.742 10.029 9
1.827 -0.209 9.592 11
0.46 1.413 10.739 9
0.916 1.426 11.88 10
1.723 1.323 10.941 10
1.389 1.185 9.245 11
0.593 1.065 8.615 9
1.464 1.327 9.16 13
2.281 1.651 10.034 7
1.445 1.158 9.147 11
0.551 1.578 9.306 9
0.844 1.598 9.737 11
0.706 1.656 9.905 9
0.186 1.284 8.881 11
-0.177 1.845 8.874 9
0.472 2.193 8.929 11
0.362 3.157 10.229 9
0.476 2.771 9.342 11
-1.165 0.894 9.459 9
1.149 -0.14 10.497 11
-0.515 0.755 11.829 9
-0.542 0.206 10.957 11
-0.132 0.019 10.034 9
1.034 -0.258 8.981 11
2.114 0.342 10.107 9
3.041 -0.393 11.799 13
3.025 -0.373 9.615 7
0.676 -0.012 8.443 11
-0.247 -1.82 9.812 9
0.419 -1.229 9.475 11
-0.867 -0.109 11.068 9
-0.32 1.574 10.562 11
1.305 2.027 10.768 9
1.168 0.78 7.95 11
-0.035 -0.438 7.476 9
2.329 -0.643 8.667 11
3.283 0.132 11.149 9
0.962 1.066 12.385 11
-2.245 0.895 11.38 9
-1.849 1.671 9.879 11
0.88 0.873 10.526 9
3.037 0.389 9.108 11
1.268 0.951 10.091 10
-0.333 0.337 11.368 13
0.587 0.68 10.772 6
1.296 0.426 9.066 11
0.739 1.036 9.518 9
0.846 0.87 11.407 12
1.482 0.471 11.405 8
1.273 0.204 9.911 11
0.645 -0.806 10.153 9
0.358 0.159 10.834 12
-0.172 1.009 12.489 9
0.675 0.482 12.328 11
1.259 1.73 9.746 8
1.335 0.829 9.351 11
1.442 0.979 8.359 9
0.718 1.476 10.345 11
0.517 1.686 10.262 9
-0.33 1.576 9.854 12
0.472 0.134 9.154 8
1.194 1.042 9.959 14
0.547 2.208 11.695 6
0.062 1.126 11.102 11
0.494 1.024 8.903 9
1.033 1.713 10.238 12
1.18 1.478 9.81 8
1.188 1.27 8.709 12
0.413 1.646 9.956 8
0.374 0.342 10.597 11
1.736 -0.404 8.984 9
1.856 -0.423 8.48 12
0.266 0.541 10.144 8
-1.104 1.696 11.723 11
-0.017 1.141 10.891 9
2.186 0.599 8.599 11
3.59 0.969 8.85 9
2.921 0.953 10.771 12
0.902 0.77 10.702 8
0.368 -0.156 9.642 14
0.633 1.722 9.585 6
0.525 1.854 12.195 11
0.861 1.173 11.033 9
0.325 0.884 9.349 12
0.125 1.185 8.772 9
0.141 1.064 10.189 11
0.963 0.423 10.254 9
1.406 0.562 11.136 10
1.088 0.778 11.343 10
0.763 1.577 10.726 11
0.989 1.185 10.76 9
1.687 0.716 8.688 11
0.693 0.934 10.029 9
0.456 0.897 11.039 10
0.256 1.504 10.769 10
0.344 2.316 10.207 11
0.817 1.298 10.474 9
1.813 0.026 8.977 13
2.373 0.668 8.499 7
2.5 0.04 9.852 11
0.639 1.674 11.761 9
-1.336 0.605 12.789 11
-0.396 1.574 9.411 9
0.59 3.084 8.723 11
2.309 1.209 8.994 9
2.894 1.403 9.0 10
2.05 0.9 9.974 10
1.599 0.821 10.676 11
1.899 -0.343 10.404 9
1.208 0.383 9.249 11
-1.027 0.298 10.906 9
-0.234 1.331 11.667 10
0.829 2.67 10.471 10
1.152 1.738 9.054 11
2.528 0.667 8.731 9
3.82 -0.708 7.85 13
2.6 -0.702 9.349 7
0.571 0.281 11.982 11
-0.715 0.762 13.303 9
-1.508 1.751 11.143 11
-1.23 0.195 9.63 9
1.255 1.851 7.162 11
1.65 2.478 8.428 9
1.619 1.25 9.208 11
1.16 0.809 8.916 9
0.434 0.22 8.996 11
0.047 0.463 10.484 9
0.582 0.286 10.748 11
-0.086 0.609 10.065 9
-0.441 1.129 11.247 11
0.133 0.163 10.606 9
0.188 0.362 8.863 11
1.256 -0.369 9.67 9
1.668 0.699 10.33 14
1.017 1.522 11.547 6
0.918 1.482 10.73 11
1.349 0.97 8.499 9
1.748 1.141 9.236 11
1.641 1.058 10.512 9
0.55 1.016 12.516 11
0.361 2.395 10.242 9
0.675 2.311 9.032 11
2.772 1.907 8.765 9
3.217 1.131 9.832 11
1.855 0.808 11.03 9
0.966 1.927 11.629 11
0.779 1.898 12.066 9
0.818 0.664 9.382 11
0.213 1.454 8.078 9
1.222 2.276 11.288 12
2.181 2.95 11.756 8
0.999 2.269 9.786 14
0.651 1.285 7.865 6
1.179 0.396 7.867 11
2.454 -0.403 8.859 9
1.966 2.741 10.105 12
0.473 1.892 13.148 9
0.518 1.183 10.463 10
1.187 1.14 8.119 9
1.517 1.532 11.036 11
1.115 -0.061 10.973 9
-0.132 -0.283 9.15 12
0.63 0.382 9.728 8
1.694 1.281 11.657 11
1.298 0.243 11.018 9
0.973 -0.004 9.494 11
0.423 0.557 9.115 9
-0.011 1.469 9.235 12
0.766 0.832 10.355 8
1.051 1.009 8.883 14
0.812 0.757 10.154 6
1.197 1.902 11.216 11
0.487 -0.116 10.353 9
0.521 -0.108 7.701 12
-0.178 1.183 9.402 8
0.494 1.44 12.036 12
0.591 0.84 10.636 8
0.304 -0.068 10.159 11
-0.091 1.704 10.099 9
0.591 1.403 11.714 12
1.331 1.965 10.377 8
0.336 0.641 8.302 12
1.302 0.665 7.439 8
2.496 0.934 9.673 11
2.041 1.334 12.07 9
-0.913 1.634 12.027 12
-1.666 1.781 10.472 8
-0.141 3.085 9.449 14
1.558 0.56 8.609 7
1.658 1.717 8.523 10
0.936 1.844 11.523 10
2.028 1.122 10.025 11
1.739 2.097 9.375 9
0.875 1.588 10.467 11
0.198 0.887 10.496 9
0.599 -0.043 8.538 10
1.286 0.39 10.126 10
0.181 2.169 10.557 11
-0.49 2.477 11.772 9
0.371 2.28 10.019 11
2.046 0.224 7.214 9
3.121 0.143 7.642 10
3.182 0.582 9.366 10
1.31 0.533 12.052 11
-1.725 0.891 9.648 9
-1.457 1.031 10.676 13
0.875 1.274 10.339 7
1.294 2.141 10.275 10
1.48 0.739 9.186 10
1.731 0.821 8.377 11
1.188 1.267 9.157 9
0.407 2.044 9.533 11
0.158 1.492 9.79 9
0.547 1.531 8.904 10
-0.201 2.405 9.701 10
-0.058 0.925 10.537 11
0.524 0.99 9.232 9
0.711 -0.07 8.749 11
0.641 0.499 10.295 9
0.718 1.092 12.392 11
0.883 1.125 11.623 9
1.14 1.129 9.314 11
1.226 1.62 9.797 9
1.99 0.599 10.065 13
1.65 0.387 9.913 7
0.512 0.658 9.534 12
-0.364 0.463 10.047 8
0.076 0.526 10.509 11
0.423 0.686 9.784 9
0.363 0.892 10.383 11
0.797 -0.725 10.206 9
0.635 -0.36 8.828 11
-0.602 -0.33 9.902 9
0.299 -1.806 11.359 11
0.548 -0.237 10.712 9
-0.037 -0.734 11.325 11
1.028 -1.095 10.879 9
1.391 1.042 10.995 11
1.611 -0.348 11.238 9
1.9 0.473 9.768 11
1.975 -0.074 9.12 9
1.414 -0.777 9.287 14
0.517 -1.232 9.305 6
0.042 -0.755 9.977 11
0.145 -0.426 11.361 9
0.897 0.979 12.067 11
1.259 0.368 10.881 9
1.598 0.044 8.688 11
1.58 -0.049 8.371 9
1.835 -0.275 9.819 11
1.143 -0.181 10.271 9
0.707 -0.913 10.07 12
0.612 0.031 9.794 8
0.869 0.777 10.345 11
0.395 1.832 11.86 9
0.193 2.148 11.26 11
0.17 -0.499 8.891 9
1.591 -1.448 6.267 11
1.543 -0.529 8.34 9
0.664 -1.477 11.59 14
0.436 -1.348 11.615 6
0.083 0.237 12.181 11
-0.202 0.332 12.064 9
-0.314 -0.01 11.128 12
0.945 -0.517 8.893 8
1.254 -0.472 9.084 11
1.583 0.02 10.735 9
1.28 0.943 11.956 11
0.354 1.4 11.139 9
-0.059 1.27 10.203 12
0.068 1.201 9.536 8
1.285 1.856 9.728 11
-0.588 4.046 10.848 9
-0.206 2.422 8.827 11
0.642 2.339 7.975 9
2.583 2.525 8.538 12
2.647 2.649 8.795 8
0.43 1.832 8.713 14
-1.281 0.758 8.392 7
-0.875 1.397 10.504 10
-0.339 2.543 11.909 9
-0.797 1.69 11.99 12
-0.184 1.14 9.26 8
1.42 0.214 8.204 11
2.514 0.038 9.669 9
2.557 -0.15 11.267 11
2.082 -1.188 10.844 9
2.255 -1.012 9.482 12
2.195 -0.884 9.939 8
1.799 -1.734 10.876 12
0.737 -1.08 10.596 8
-0.083 -0.864 11.065 11
-0.686 -1.485 10.505 10
-0.583 -0.614 10.035 11
-0.3 -0.548 9.991 9
-0.663 0.15 10.137 13
0.56 0.374 9.49 7
0.979 0.985 9.516 10
1.0 0.135 10.137 10
1.145 0.067 9.858 11
1.74 -0.086 8.771 9
1.21 0.673 10.183 11
0.845 0.661 11.197 9
0.56 0.213 10.684 10
-0.314 1.745 10.219 10
-0.262 2.115 10.337 11
0.086 1.991 11.092 9
1.053 1.993 9.359 11
1.148 1.34 8.96 9
2.045 0.848 9.602 10
2.448 1.663 9.858 10
2.179 2.077 10.796 11
2.355 1.651 10.432 9
1.561 1.884 9.682 13
0.162 2.228 10.028 7
0.345 0.674 9.504 10
0.624 1.3 9.683 10
0.807 2.303 9.287 11
0.084 2.133 8.356 9
0.823 1.151 7.428 11
2.686 -0.963 9.552 9
2.905 0.707 9.513 10
1.682 0.043 10.582 10
1.026 -0.247 10.018 11
0.633 -0.473 9.996 9
1.47 -1.101 9.728 11
0.588 0.25 10.534 9
0.237 -0.384 11.72 11
0.881 -1.088 10.434 9
1.442 -1.393 8.646 11
1.806 0.614 9.652 9
1.499 -0.061 11.857 13
1.638 -1.617 10.906 7
1.486 -1.363 8.479 11
1.435 -0.782 9.802 9
1.494 0.509 12.161 11
1.716 -0.364 12.624 9
1.96 0.472 9.998 11
1.954 0.234 8.878 9
1.887 0.681 10.279 11
2.112 0.783 11.274 9
2.421 0.679 11.425 11
2.589 -0.051 9.127 9
2.428 2.542 11.218 11
2.362 2.419 12.408 9
2.294 1.087 10.123 11
3.05 0.674 7.887 9
2.676 0.119 7.985 11
2.106 0.231 10.324 9
1.586 0.333 10.782 14
1.307 1.633 12.509 6
1.834 1.139 11.861 11
1.947 0.114 10.289 9
1.836 0.323 7.413 11
1.343 1.452 10.258 9
1.528 0.326 10.741 11
0.943 0.228 10.232 9
0.796 0.336 8.29 11
1.698 -1.067 9.595 9
2.534 -1.496 8.353 12
1.498 -1.932 9.476 8
1.104 -0.876 10.196 11
0.908 0.254 13.333 9
1.926 0.077 11.371 11
1.793 0.557 10.191 9
2.066 -0.205 8.682 12
2.187 0.116 9.012 8
1.618 -0.761 9.294 14
1.867 -1.132 8.671 6
1.659 -0.702 10.12 11
1.818 0.229 10.966 9
1.555 -0.773 11.838 11
1.817 -1.332 8.949 9
1.072 -0.506 9.451 11
1.048 -0.547 10.702 9
1.045 -0.001 11.298 11
0.931 -2.06 9.292 9
0.711 -1.287 7.04 12
0.55 -1.489 9.611 8
1.24 0.565 11.508 11
2.377 1.758 12.731 9
1.929 0.441 10.969 11
1.661 -0.37 7.114 9
0.823 -1.423 7.507 12
0.76 -1.189 8.319 8
0.839 -0.687 11.112 14
0.719 -0.894 11.501 6
1.629 -0.278 10.165 11
1.984 -0.203 10.675 9
2.389 0.49 10.076 12
2.89 -0.756 9.118 9
2.211 -1.025 6.903 11
2.331 -0.7 9.063 8
3.239 -0.439 11.122 11
4.332 1.649 11.887 10
5.871 3.819 13.732 11
6.447 5.012 13.71 9
6.187 5.196 11.446 11
5.228 2.411 7.779 9
4.145 0.827 4.753 10
4.349 2.372 8.769 10
5.223 1.997 13.606 11
4.717 1.684 11.01 9
2.936 2.601 8.904 13
4.615 0.161 7.806 7
4.174 -0.284 9.16 10
3.645 1.11 9.932 10
2.987 0.469 12.816 11
2.661 2.441 12.995 9
3.451 5.819 15.458 11
5.581 2.469 12.529 9
6.912 -0.478 3.616 10
5.234 -3.405 2.06 10
5.551 -2.252 7.003 11
5.641 1.085 14.058 9
3.405 0.123 16.925 11
3.633 -0.64 11.288 9
5.002 0.563 7.264 10
7.082 1.634 6.97 10
4.248 0.595 7.82 11
-0.55 -1.616 7.414 9
-1.159 -1.843 7.587 13
2.871 -0.659 8.963 7
5.461 -0.815 10.017 10
4.61 -1.391 9.266 10
2.905 -1.947 9.166 11
2.118 -2.053 10.893 9
2.077 -1.889 11.816 11
2.413 -2.788 10.52 9
1.179 -2.191 9.686 11
0.735 -1.487 11.263 9
1.392 -0.849 12.941 11
2.113 -0.802 10.752 9
2.385 -0.43 9.542 11
2.718 -0.299 11.514 9
2.582 -1.432 12.896 11
1.755 -3.0 10.365 9
1.195 -3.698 7.251 11
2.093 -4.545 4.946 9
2.565 -2.712 6.821 13
0.246 -1.892 10.298 7
-0.239 -1.723 12.576 11
-0.992 -0.079 12.635 9
-1.215 -1.2 10.839 11
-0.861 -1.331 10.24 9
-1.252 -0.926 11.198 11
-4.194 -2.188 11.085 9
-5.978 -2.724 9.449 11
-4.947 -2.083 8.342 9
-3.696 -0.434 8.932 11
-3.643 1.45 10.582 9
-3.127 1.833 11.14 11
-2.157 0.277 9.625 9
-0.45 -0.511 6.397 11
2.086 0.527 7.25 9
4.25 1.246 9.843 11
5.688 0.846 10.875 9
5.949 0.54 10.295 14
6.542 0.05 9.272 6
7.347 -0.051 10.347 11
6.927 -0.723 10.811 9
6.372 -1.036 10.625 11
6.341 -0.87 10.592 9
5.335 -1.646 11.32 11
3.312 -1.058 11.757 9
3.357 0.023 13.144 11
3.212 1.289 14.119 9
2.005 -0.655 11.96 11
2.3 -1.316 7.068 9
3.113 0.459 4.265 11
2.389 1.744 6.621 9
1.249 1.532 10.212 11
2.069 -0.761 10.882 9
2.923 0.709 10.53 13
2.281 1.838 11.653 7
1.188 2.028 12.644 14
0.389 1.591 11.407 6
-0.032 1.653 8.931 11
0.707 1.679 7.514 9
2.281 1.607 8.27 12
3.274 1.405 9.385 8
3.232 1.159 9.604 11
3.352 1.439 9.57 9
3.05 1.693 10.076 11
3.079 1.866 10.42 9
2.823 1.883 9.706 12
2.236 1.556 9.41 8
1.933 1.41 9.522 11
2.107 1.3 9.829 9
3.088 1.548 10.494 11
4.21 1.683 10.529 9
4.664 1.482 9.968 12
4.262 1.349 10.193 8
4.138 1.103 10.172 14
3.61 0.871 8.819 7
1.616 0.529 9.83 10
0.547 0.338 13.703 9
-0.891 1.605 17.656 12
0.16 1.456 17.934 8
0.263 0.979 15.622 12
-0.343 0.951 12.297 9
-1.462 0.409 9.376 10
-1.271 -0.008 7.865 10
-0.916 0.05 7.502 11
-0.372 0.541 8.112 9
-0.007 0.95 9.009 11
0.008 1.18 9.433 9
-0.035 1.191 9.637 10
-0.238 0.831 9.396 10
-0.59 0.828 9.044 11
-0.963 1.1 8.908 9
-1.413 1.197 9.081 13
-1.761 1.382 9.512 7
-1.768 1.806 10.025 10
-1.715 1.863 10.198 10
-1.353 1.859 10.102 11
-0.816 1.996 9.984 9
-0.603 1.657 10.048 11
-0.494 1.72 8.751 9
-0.56 1.651 8.671 10
-0.841 1.299 8.962 10
-1.009 1.347 9.339 11
-0.964 1.458 9.836 9
-0.842 1.617 10.333 11
-0.582 1.713 10.57 9
-0.299 1.599 10.641 10
0.199 1.55 10.463 10
0.693 1.557 10.101 11
0.776 1.4 9.819 9
0.548 1.104 9.555 13
0.392 1.195 9.532 7
0.128 1.328 9.688 11
-0.181 1.246 9.786 9
0.058 1.239 9.753 11
0.185 1.125 9.557 9
0.074 1.052 9.33 11
-0.008 0.963 9.139 9
-0.016 1.039 9.201 11
-0.235 1.039 9.293 9
-0.623 0.839 9.19 11
-0.542 0.881 8.931 9
-0.194 0.944 8.704 11
-0.183 0.779 8.531 9
-0.177 0.697 8.574 11
-0.131 0.722 8.865 9
0.171 0.915 9.279 11
0.13 0.86 9.701 9
-0.189 0.751 9.886 14
-0.269 0.851 9.906 6
-0.297 0.778 10.022 11
-0.228 0.66 10.026 9
-0.143 0.565 9.885 11
0.044 0.524 9.733 9
0.168 0.575 9.477 11
0.217 0.633 9.58 9
0.064 0.559 9.581 11
0.032 0.52 9.642 9
0.222 0.733 9.934 11
0.234 0.775 10.518 9
-0.089 0.596 10.648 11
-0.18 0.672 10.514 9
-0.154 0.726 10.436 11
-0.074 0.703 10.454 9
-0.209 0.651 10.262 11
-0.174 0.743 10.105 9
-0.14 0.738 10.031 14
-0.189 0.719 9.998 6
-0.195 0.724 9.926 11
-0.149 0.831 9.979 9
-0.152 0.907 10.19 12
-0.334 0.846 10.275 8
-0.499 0.814 10.155 11
-0.274 0.953 10.064 9
-0.066 0.972 10.089 11
-0.265 0.888 9.985 9
-0.316 0.955 9.987 12
-0.284 0.89 10.205 8
-0.254 0.816 10.369 11
-0.101 0.896 10.502 9
-0.052 0.806 10.578 11
-0.086 0.746 10.572 9
-0.186 0.702 10.395 12
-0.177 0.706 10.386 8
-0.052 0.687 10.284 14
0.233 0.642 10.18 6
0.401 0.571 10.019 11
0.35 0.435 9.789 9
0.17 0.348 9.777 12
0.172 0.548 9.928 8
0.116 0.635 10.293 12
0.06 0.611 10.4 9
0.067 0.591 10.15 14
0.184 0.502 9.873 6
0.215 0.436 9.655 11
0.326 0.536 9.695 8
0.322 0.585 9.873 12
0.095 0.57 9.993 8
-0.057 0.595 9.979 11
-0.131 0.59 10.014 9
-0.24 0.667 9.887 12
-0.475 0.739 9.959 8
-0.47 0.809 10.247 14
-0.329 0.907 10.259 7
-0.254 0.857 10.228 10
-0.277 0.801 10.148 10
-0.229 0.833 10.105 11
-0.185 0.834 10.086 9
-0.195 0.827 10.075 11
-0.399 0.931 10.1 9
-0.471 1.055 10.16 10
-0.637 0.86 10.482 10
-0.517 0.874 10.496 11
-0.369 0.838 10.386 9
-0.172 0.858 9.855 11
0.044 0.803 9.556 9
0.073 0.719 9.838 10
0.105 0.648 10.292 10
0.251 0.705 10.585 11
0.186 0.385 10.04 9
0.519 0.953 9.584 13
0.475 0.915 9.281 7
-0.037 0.623 9.51 10
-0.177 0.584 9.637 10
-0.149 0.84 9.589 11
-0.12 1.102 9.527 9
-0.195 0.851 9.899 11
0.073 0.81 9.843 9
0.614 0.947 9.51 10
0.975 0.957 9.56 10
0.915 0.723 9.503 11
0.011 0.098 9.244 9
-0.428 0.124 9.323 11
0.878 1.339 11.234 9
0.793 1.944 12.836 11
0.65 2.591 12.591 9
1.258 1.513 12.281 11
2.029 1.155 10.78 9
1.826 0.569 8.595 13
0.497 -0.241 8.924 7
-0.146 0.113 10.101 11
0.077 0.639 10.764 9
0.37 0.834 10.718 15
0.39 0.586 10.413 6
-0.087 0.603 10.405 10
-0.568 0.471 10.019 9
-0.415 0.509 9.428 11
-0.19 0.77 9.417 9
-0.46 0.672 9.512 11
-1.535 -0.001 9.171 9
-2.53 -0.508 9.399 11
-2.415 -0.177 9.909 9
-1.705 0.24 10.216 11
-1.259 0.263 10.316 9
-1.074 0.126 10.296 11
-0.982 0.096 10.011 9
-0.827 0.172 9.782 14
-0.733 0.292 9.829 6
-0.897 0.463 9.962 11
-1.199 0.594 10.138 9
-1.498 0.729 10.734 11
-1.692 0.645 11.147 9
-1.738 0.334 11.059 11
-1.599 0.12 10.511 9
-1.379 -0.016 9.806 11
-1.44 -0.091 9.295 9
-1.547 -0.071 9.197 11
-1.397 0.132 9.188 9
-1.233 0.216 9.236 11
-1.154 0.204 9.418 10
-1.174 0.292 9.67 10
-1.177 0.222 9.95 9
-1.018 0.167 9.974 12
-0.84 0.11 9.877 8
-0.683 0.02 9.695 14
-0.549 0.052 9.644 6
-0.367 0.139 9.867 11
-0.453 0.135 9.999 14
-0.512 0.208 10.099 10
-0.473 0.337 10.152 5
-0.433 0.272 10.064 11
-0.322 -0.122 9.718 9
-0.052 -0.155 9.7 11
0.077 -0.029 10.003 9
0.007 0.149 10.487 12
-0.19 0.322 10.752 8
-0.42 0.359 10.652 11
-0.679 0.249 10.289 9
-0.536 0.202 10.051 11
-0.226 0.135 9.867 10
0.019 0.173 9.863 11
0.032 0.214 10.002 8
-0.127 0.113 10.022 14
-0.297 0.048 10.086 6
-0.563 -0.013 10.19 11
-0.722 -0.001 10.16 9
-0.665 0.113 10.022 12
-0.468 0.158 9.804 8
-0.283 0.131 9.573 11
-0.145 0.129 9.559 9
-0.168 0.07 9.854 11
-0.5 -0.059 10.1 9
-0.837 -0.164 10.222 12
-1.02 -0.111 10.199 9
-1.111 -0.034 10.14 11
-1.076 -0.086 10.11 8
-0.88 -0.14 10.141 11
-0.581 -0.141 10.132 10
-0.184 -0.109 10.026 11
0.155 -0.103 10.02 9
0.171 -0.168 10.055 13
-0.029 -0.371 10.295 7
-0.225 -0.35 10.272 10
-0.407 -0.253 10.366 10
-0.584 -0.136 10.447 11
-0.588 -0.053 10.553 9
-0.318 -0.047 10.581 11
0.037 -0.086 10.566 9
0.103 -0.126 10.458 10
-0.125 -0.172 10.201 10
-0.356 -0.179 9.958 11
-0.402 -0.196 9.949 9
-0.314 -0.133 10.129 11
-0.334 -0.112 10.393 9
-0.335 -0.157 10.477 10
-0.139 -0.118 10.441 11
0.087 -0.087 10.241 10
0.166 -0.074 10.122 9
0.219 -0.076 10.157 13
0.066 -0.08 10.225 7
0.023 -0.049 10.278 10
0.068 0.016 10.28 10
0.021 -0.007 10.319 11
0.044 -0.043 10.254 9
0.07 -0.115 10.302 11
-0.078 -0.166 10.287 9
-0.178 -0.17 10.087 10
-0.12 -0.053 9.871 10
-0.119 -0.008 9.957 11
-0.166 0.024 10.019 9
-0.472 -0.174 10.239 11
-0.828 0.277 10.481 9
-1.288 0.175 10.015 11
-1.189 0.137 9.543 9
-0.906 0.084 9.423 11
-0.493 0.13 9.591 9
-0.071 0.255 9.833 14
0.132 0.231 9.892 6
0.067 0.148 9.814 11
0.013 0.013 9.678 9
0.165 -0.097 9.759 11
0.416 -0.013 9.902 9
0.579 0.143 10.019 11
0.415 0.071 10.053 9
0.119 0.037 9.937 11
-0.038 0.175 9.944 9
-0.208 0.098 10.164 11
-0.308 -0.09 10.059 9
-0.413 0.059 9.871 11
-0.667 0.14 9.929 9
-0.787 0.153 10.205 11
-0.76 0.136 10.409 9
-0.572 0.108 10.379 11
-0.263 0.032 10.212 9
-0.035 0.001 9.988 14
0.026 -0.042 9.889 6
-0.106 -0.013 9.849 11
-0.289 0.056 9.883 9
-0.294 0.138 10.099 11
-0.313 0.216 10.333 9
-0.339 0.299 10.523 11
-0.486 0.263 10.729 9
-0.591 0.252 10.775 11
-0.506 0.124 10.736 9
-0.13 -0.075 10.52 12
0.053 -0.125 9.772 8
-0.245 -0.048 9.619 11
-0.565 -0.055 9.725 9
-0.644 0.056 9.985 12
-0.548 0.144 10.205 8
-0.418 0.156 10.259 12
-0.36 0.07 10.081 8
-0.448 -0.042 9.909 14
-0.506 -0.053 9.882 6
-0.475 0.014 9.974 11
-0.348 0.036 10.12 9
-0.268 0.026 10.093 12
-0.198 -0.005 9.979 8
-0.274 -0.028 9.901 11
-0.336 -0.05 9.992 9
-0.223 -0.005 10.143 11
-0.178 0.025 10.252 9
-0.272 0.008 10.234 12
-0.378 0.029 10.174 10
-0.409 0.045 10.131 9
-0.411 0.001 10.113 9
-0.399 -0.031 10.091 11
-0.381 -0.005 10.112 9
-0.433 -0.073 10.143 12
-0.43 -0.099 10.105 8
-0.43 -0.05 10.053 14
-0.52 -0.015 10.033 6
-0.571 -0.049 9.987 11
-0.572 -0.023 9.991 9
-0.621 -0.021 10.041 12
-0.578 -0.013 10.101 8
-0.527 -0.068 10.188 12
-0.491 -0.032 10.189 9
-0.565 0.006 10.123 10
-0.632 -0.022 10.048 10
-0.652 -0.037 10.049 11
-0.615 -0.037 10.088 9
-0.568 -0.01 10.083 11
-0.464 -0.011 10.117 9
-0.333 -0.017 10.157 10
-0.289 -0.047 10.158 10
-0.262 -0.022 10.174 11
-0.308 0.023 10.237 9
-0.456 0.044 10.203 13
-0.644 0.075 10.226 7
-0.7 0.053 10.131 10
-0.637 0.053 10.146 10
-0.438 0.079 10.21 11
-0.36 0.04 10.278 9
-0.553 -0.058 10.28 11
-0.638 -0.055 10.248 9
-0.718 0.125 10.32 10
-1.004 0.068 10.365 10
-1.001 -0.138 10.365 11
-0.823 -0.332 10.282 9
-0.664 -0.068 9.227 11
-0.578 0.103 8.781 9
-0.653 0.106 8.894 10
-0.884 -0.006 9.55 10
-0.894 -0.013 9.958 11
-0.641 0.105 10.139 9
-0.546 0.073 10.314 13
-0.589 0.022 10.616 7
-0.705 -0.141 10.862 10
-0.576 -0.457 10.482 10
-0.525 -0.096 9.836 11
-0.548 0.201 9.735 9
-0.617 0.085 10.02 11
-0.742 0.084 10.14 13
-0.606 0.139 10.064 7
# end
#Wed Oct 28 19:50:38 CET 2015