# Accelerometer Values
# filename:  Acelerometro.txt
# Saving start time: Fri Oct 09 14:04:30 CEST 2015

# sensor resolution: 5.985504E-4m/s^2
#Sensorvendor: STMicroelectronics, name: K330 3-axis Accelerometer, type: 1,version : 1, range 19.6133

# X value, Y value, Z value, time diff in ms
1.134 -0.916 9.992 11
1.203 -0.877 9.982 10
1.286 -0.815 9.975 10
1.271 -0.766 10.047 9
1.252 -0.738 10.129 12
1.2 -0.76 10.088 8
1.136 -0.82 10.019 11
1.106 -0.849 10.007 10
1.204 -0.86 10.1 10
1.31 -0.784 10.038 9
1.26 -0.742 9.996 11
1.233 -0.783 9.947 9
1.147 -0.799 9.955 11
1.186 -0.778 10.049 10
1.227 -0.751 10.069 10
1.242 -0.735 10.046 9
1.255 -0.771 10.016 13
1.25 -0.81 10.037 7
1.231 -0.859 10.064 11
1.174 -0.873 10.096 10
1.108 -0.904 10.132 10
1.117 -0.96 10.141 9
1.116 -0.926 10.157 12
1.088 -0.903 10.186 8
1.077 -0.903 10.173 11
1.055 -0.86 10.184 10
1.03 -0.846 10.167 10
1.035 -0.857 10.163 9
1.116 -0.834 10.127 11
1.179 -0.823 10.122 9
1.194 -0.815 10.123 11
1.176 -0.81 10.129 10
1.183 -0.804 10.111 10
1.154 -0.816 10.098 13
1.15 -0.805 10.086 9
1.159 -0.764 10.069 7
1.167 -0.784 10.095 11
1.21 -0.827 10.105 10
1.202 -0.824 10.133 10
1.218 -0.836 10.157 9
1.183 -0.828 10.147 12
1.157 -0.82 10.075 8
1.153 -0.824 10.068 11
1.138 -0.785 10.081 10
1.179 -0.77 10.076 10
1.189 -0.789 10.081 9
1.197 -0.768 10.055 11
1.225 -0.782 9.983 9
1.217 -0.864 9.946 11
1.173 -0.811 9.96 10
1.191 -0.755 10.163 10
1.258 -0.712 10.155 10
1.255 -0.715 10.04 12
1.2 -0.73 10.039 8
1.198 -0.727 10.004 10
1.21 -0.697 10.014 10
1.3 -0.65 10.069 10
1.288 -0.681 10.073 10
1.263 -0.718 10.054 12
1.318 -0.669 10.052 8
1.291 -0.67 10.061 10
1.236 -0.673 10.053 10
1.227 -0.586 10.134 10
1.291 -0.563 10.05 10
1.307 -0.602 10.007 11
1.26 -0.615 9.999 9
1.211 -0.563 9.948 10
1.149 -0.45 9.883 10
1.107 -0.332 9.862 10
1.129 -0.229 9.774 10
1.176 -0.146 9.655 12
1.234 -0.078 9.649 8
1.317 0.01 9.694 10
1.416 0.11 9.582 10
1.446 0.162 9.442 10
1.432 0.242 9.233 10
1.321 0.302 9.053 12
1.158 0.439 8.888 8
1.07 0.608 8.756 10
1.081 0.711 8.641 10
1.104 0.721 8.546 10
1.09 0.685 8.468 10
1.151 0.787 8.388 11
1.182 0.984 8.19 11
1.186 1.159 8.099 8
1.148 1.307 7.988 10
1.051 1.413 7.759 11
1.055 1.441 7.808 9
1.416 1.454 8.236 13
1.577 1.283 8.461 7
1.749 1.241 8.21 11
1.81 1.21 8.008 11
1.587 1.205 7.879 9
1.223 1.113 7.921 9
0.945 1.006 8.176 12
0.921 0.849 8.532 8
1.057 0.695 8.997 11
1.065 0.598 8.907 11
0.876 0.449 8.394 9
0.739 0.284 8.183 9
0.751 0.304 8.382 13
1.027 0.371 9.059 7
1.337 0.48 9.748 11
1.313 0.319 9.794 10
0.967 -0.026 9.475 10
0.888 -0.39 9.554 9
0.992 -0.704 10.027 13
0.851 -0.732 10.151 7
0.469 -0.676 10.624 11
0.33 -1.015 12.017 10
0.372 -1.317 12.434 10
0.38 -1.568 12.63 9
0.3 -1.705 12.682 12
0.01 -1.855 12.687 8
-0.429 -1.902 12.525 11
-0.732 -1.869 12.618 10
-0.757 -1.875 12.555 10
-0.406 -1.902 12.32 9
0.242 -1.853 12.174 11
0.758 -1.734 12.02 9
1.005 -1.643 11.897 11
0.953 -1.569 11.77 10
0.851 -1.553 11.581 10
0.732 -1.491 11.252 9
0.564 -1.423 10.769 13
0.582 -1.407 10.585 7
0.755 -1.122 10.427 11
0.946 -0.811 10.371 10
1.094 -0.623 10.259 10
1.085 -0.524 9.971 9
1.07 -0.544 9.689 12
1.04 -0.458 9.552 8
1.193 -0.195 9.561 11
1.447 0.139 9.583 11
1.52 0.436 9.47 9
1.377 0.568 9.529 9
1.161 0.676 9.704 11
1.016 0.739 9.986 9
1.007 0.821 10.123 11
1.131 1.021 10.033 10
1.148 1.389 9.767 10
1.0 1.686 9.476 9
0.746 1.864 9.199 13
0.534 1.956 9.086 7
0.462 2.194 9.171 11
0.824 2.574 9.123 10
1.217 2.841 8.741 10
1.194 2.814 8.303 9
0.825 2.746 8.092 12
0.246 2.458 8.064 8
-0.196 2.176 8.125 11
-0.166 1.984 8.506 10
-0.194 1.425 8.607 10
-0.408 0.788 8.898 9
-0.365 0.251 9.373 12
0.042 -0.189 9.64 8
0.445 -0.532 9.728 11
0.58 -1.089 10.092 10
0.229 -1.505 11.262 10
0.007 -2.12 11.765 10
-0.317 -2.33 12.421 12
-0.383 -2.423 13.16 8
-0.119 -2.299 13.453 11
0.261 -2.206 13.423 9
0.462 -2.294 13.423 10
0.544 -2.428 12.816 10
0.344 -2.709 12.224 12
0.12 -2.819 11.976 8
0.275 -2.539 12.117 10
0.641 -2.142 11.935 10
0.92 -1.809 11.524 10
1.133 -1.541 11.191 10
1.233 -1.414 10.68 11
1.285 -1.34 10.177 9
1.342 -1.23 9.855 10
1.317 -1.069 9.713 10
1.435 -0.89 9.658 10
1.504 -0.792 9.53 10
1.435 -0.711 9.294 12
1.425 -0.666 9.212 8
1.366 -0.597 9.083 10
1.351 -0.508 8.939 10
1.395 -0.413 8.948 11
1.429 -0.178 8.778 9
1.289 -0.075 8.58 12
1.162 0.028 8.507 8
1.222 0.196 8.707 10
1.456 0.375 8.986 10
1.607 0.52 8.905 10
1.554 0.515 8.531 10
1.325 0.462 8.326 11
1.182 0.62 8.212 9
1.097 0.865 8.049 10
1.274 1.002 7.858 11
1.444 0.981 7.557 10
1.45 0.938 7.157 9
1.436 0.865 7.101 13
1.383 0.726 7.259 7
1.219 0.614 7.493 11
1.01 0.502 7.803 9
0.823 0.355 7.989 11
0.683 0.12 7.958 9
0.483 -0.136 8.157 12
0.228 -0.506 8.754 8
0.105 -0.615 9.014 11
0.152 -0.67 9.193 11
0.165 -1.097 9.175 9
0.144 -1.422 8.763 9
-0.56 -1.899 7.718 11
-0.905 -2.316 8.644 9
-1.066 -3.002 10.153 11
-0.979 -4.252 10.953 10
1.508 -6.992 15.275 12
0.301 -6.529 17.013 7
0.018 -7.21 18.4 13
0.885 -7.429 19.578 7
1.589 -7.107 19.608 11
2.017 -6.586 19.608 15
1.622 -5.866 19.608 6
-0.184 -5.285 19.486 8
-1.587 -3.949 16.22 12
-2.509 -3.642 11.957 8
-2.81 -2.98 8.459 11
-2.172 -1.811 5.947 10
-1.359 -0.23 4.265 10
-0.575 0.869 4.657 9
-0.232 1.329 5.806 11
-0.382 1.132 6.953 9
-0.585 0.196 8.353 11
-0.948 -1.202 9.838 10
-1.019 -2.22 10.895 10
-1.154 -2.758 11.274 9
-1.379 -3.174 11.58 13
-1.238 -3.326 11.533 7
-0.836 -3.071 11.268 11
-0.232 -2.444 10.769 10
0.646 -1.651 10.253 10
1.431 -1.01 9.86 9
1.777 -0.693 9.566 12
1.814 -0.721 9.169 8
1.658 -0.875 8.737 11
1.444 -1.003 8.302 10
0.965 -1.046 8.123 10
0.499 -1.113 8.306 9
0.235 -1.291 8.849 11
0.074 -1.405 9.537 9
0.021 -1.458 10.178 11
0.004 -1.404 10.62 10
0.009 -1.197 10.875 10
0.069 -0.88 10.864 9
0.147 -0.575 10.694 13
0.269 -0.366 10.475 11
0.269 -0.296 10.228 7
0.021 -0.396 9.949 10
-0.267 -0.456 9.776 10
-0.316 -0.49 10.07 10
-0.054 -0.362 10.233 12
0.036 -0.395 10.318 8
-0.008 -0.506 10.368 10
-0.089 -0.603 10.502 10
-0.137 -0.641 10.523 10
-0.154 -0.615 10.462 10
-0.199 -0.582 10.32 11
-0.316 -0.608 10.341 9
-0.332 -0.547 10.483 10
-0.191 -0.468 10.427 10
0.008 -0.481 10.259 10
0.145 -0.584 10.168 10
0.224 -0.596 10.167 12
0.113 -0.615 10.266 8
-0.104 -0.581 10.332 10
-0.248 -0.592 10.316 10
-0.386 -0.745 10.28 10
-0.38 -0.8 10.257 10
-0.226 -0.75 10.127 12
-0.099 -0.698 9.933 8
-0.068 -0.674 9.819 10
-0.117 -0.638 9.857 10
-0.189 -0.622 10.017 10
-0.172 -0.619 10.068 10
-0.059 -0.656 10.136 11
0.016 -0.722 10.252 9
-0.022 -0.798 10.144 10
-0.188 -0.923 10.071 10
-0.393 -1.018 10.061 10
-0.515 -1.052 10.143 10
-0.485 -1.006 10.315 12
-0.42 -0.849 10.372 8
-0.345 -0.738 10.312 11
-0.257 -0.708 10.035 10
-0.141 -0.793 9.979 9
-0.085 -0.861 9.965 10
-0.105 -0.905 10.048 12
-0.228 -0.873 10.141 8
-0.378 -0.946 10.202 11
-0.435 -1.013 10.098 10
-0.434 -1.063 9.944 10
-0.413 -1.044 9.841 9
-0.461 -1.06 9.985 11
-0.436 -0.803 10.163 9
-0.325 -0.515 10.721 11
-0.748 -0.919 10.782 10
-0.821 -1.262 10.053 10
-0.392 -1.228 10.011 9
0.016 -0.699 10.11 13
0.228 -0.29 10.123 7
-0.246 -0.435 9.691 11
-0.936 -0.793 9.419 10
-0.995 -0.966 9.512 10
-0.651 -0.976 9.987 9
-0.587 -1.064 10.53 12
-0.508 -1.157 10.679 8
-0.304 -1.122 10.557 11
-0.219 -1.064 10.232 10
-0.169 -0.97 9.969 10
-0.271 -0.99 9.746 9
-0.574 -1.168 9.56 11
-0.79 -1.326 9.664 9
-0.648 -1.182 9.939 11
-0.367 -0.894 10.102 10
-0.325 -0.651 10.08 10
-0.325 -0.518 10.165 9
-0.289 -0.444 10.292 13
-0.374 -0.565 10.438 7
-0.521 -0.797 10.407 11
-0.615 -0.944 10.265 10
-0.593 -0.966 10.155 10
-0.583 -0.968 10.073 9
-0.557 -0.973 9.928 12
-0.44 -1.034 9.864 8
-0.38 -1.122 9.824 11
-0.315 -1.146 9.855 10
-0.332 -1.083 9.934 10
-0.388 -1.052 9.999 9
-0.417 -1.014 10.013 15
-0.456 -0.937 10.048 5
-0.336 -0.876 10.082 11
-0.254 -0.846 10.153 10
-0.224 -0.806 10.125 10
-0.298 -0.828 10.034 9
-0.472 -0.936 9.927 13
-0.596 -0.973 9.968 7
-0.614 -0.928 10.016 11
-0.571 -0.927 10.073 10
-0.597 -0.871 10.102 10
-0.606 -0.817 10.217 9
-0.547 -0.796 10.272 12
-0.465 -0.82 10.192 8
-0.536 -0.885 10.152 11
-0.611 -0.947 10.094 10
-0.475 -0.982 10.052 10
-0.451 -0.964 10.065 9
-0.525 -0.96 10.092 12
-0.58 -0.932 10.114 8
-0.526 -0.833 10.157 11
-0.436 -0.751 10.153 10
-0.4 -0.776 10.046 10
-0.397 -0.863 9.978 9
-0.342 -0.92 9.977 13
-0.374 -0.972 10.064 7
-0.434 -1.072 10.157 11
-0.512 -1.083 10.16 10
-0.479 -0.995 10.146 10
-0.329 -0.867 10.11 10
-0.249 -0.793 10.078 11
-0.275 -0.77 9.979 9
-0.334 -0.781 9.953 10
-0.373 -0.79 9.995 10
-0.42 -0.853 10.104 10
-0.457 -0.932 10.144 10
-0.468 -0.994 10.181 11
-0.448 -0.997 10.146 9
-0.462 -0.989 10.083 10
-0.528 -0.967 10.096 10
-0.641 -0.969 10.171 10
-0.689 -0.958 10.165 10
-0.605 -0.869 10.188 12
-0.451 -0.752 10.162 8
-0.336 -0.709 10.151 10
-0.335 -0.755 10.04 10
-0.442 -0.861 9.972 10
-0.495 -0.896 10.076 10
-0.446 -0.859 10.138 12
-0.403 -0.814 10.124 8
-0.406 -0.851 10.113 14
-0.536 -0.934 9.992 6
-0.623 -1.027 9.962 10
-0.609 -0.996 10.12 10
-0.477 -0.852 10.239 11
-0.411 -0.777 10.224 9
-0.465 -0.81 10.117 10
-0.545 -0.93 10.028 10
-0.517 -0.978 10.02 10
-0.49 -1.028 10.01 10
-0.547 -1.021 10.059 12
-0.474 -0.914 10.08 8
-0.463 -0.824 10.078 11
-0.558 -0.857 10.117 10
-0.545 -0.896 10.085 10
-0.502 -0.885 10.069 9
-0.527 -0.816 10.035 12
-0.588 -0.82 10.061 8
-0.637 -0.836 10.083 11
-0.609 -0.904 10.097 10
-0.502 -0.952 10.129 10
-0.439 -0.973 10.075 9
-0.459 -0.998 10.062 11
-0.569 -0.95 9.966 9
-0.611 -0.876 10.045 11
-0.554 -0.758 10.189 10
-0.413 -0.736 10.204 10
-0.417 -0.802 10.143 9
-0.506 -0.949 10.035 13
-0.612 -0.984 9.913 7
-0.682 -0.957 10.005 11
-0.583 -0.914 10.027 10
-0.489 -0.885 10.107 10
-0.444 -0.933 10.282 9
-0.615 -1.092 10.291 12
-0.684 -1.212 10.17 8
-0.714 -1.194 10.032 11
-0.602 -1.057 9.874 10
-0.475 -0.852 9.894 10
-0.365 -0.669 10.011 9
-0.322 -0.602 10.102 11
-0.376 -0.67 10.155 9
-0.412 -0.793 10.071 11
-0.513 -0.922 10.047 10
-0.685 -1.025 10.047 10
-0.735 -1.076 10.087 9
-0.681 -0.974 10.071 16
-0.624 -0.863 10.16 4
-0.592 -0.761 10.189 11
-0.563 -0.739 10.199 10
-0.55 -0.818 10.047 10
-0.558 -0.92 10.005 9
-0.591 -0.989 10.038 12
-0.654 -0.978 10.079 8
-0.632 -0.929 10.092 11
-0.487 -0.799 10.135 10
-0.335 -0.649 9.895 10
-0.526 -0.855 9.922 9
-0.73 -1.061 10.066 11
-0.707 -1.155 10.257 9
-0.758 -1.194 10.152 11
-0.75 -1.203 10.101 10
-0.584 -1.143 9.905 10
-0.457 -1.052 9.827 9
-0.45 -0.997 9.87 13
-0.489 -0.979 9.995 7
-0.624 -1.058 10.012 11
-0.899 -1.156 10.156 10
-0.933 -1.107 10.21 10
-0.743 -0.974 10.244 9
-0.562 -0.861 10.217 12
-0.486 -0.858 10.138 8
-0.579 -0.984 10.034 11
-0.661 -1.055 9.966 10
-0.748 -1.092 10.013 10
-0.729 -1.087 10.057 9
-0.694 -1.048 10.104 11
-0.618 -1.001 10.054 9
-0.535 -1.001 9.998 11
-0.487 -1.046 9.879 10
-0.551 -1.095 9.834 10
-0.623 -1.069 9.855 9
-0.649 -1.002 9.943 13
-0.706 -0.963 10.105 7
-0.783 -0.986 10.326 11
-0.84 -1.041 10.472 10
-0.866 -1.145 10.382 10
-0.879 -1.251 10.157 10
-0.894 -1.324 10.0 12
-0.902 -1.274 9.919 8
-0.828 -1.162 10.008 10
-0.662 -1.027 10.058 10
-0.486 -0.933 10.092 10
-0.48 -0.905 10.022 10
-0.597 -1.012 9.918 11
-0.7 -1.187 9.817 9
-0.763 -1.33 9.907 10
-0.804 -1.414 10.087 10
-0.787 -1.403 10.166 10
-0.741 -1.383 10.146 10
-0.736 -1.449 10.141 12
-0.797 -1.654 10.12 8
-0.812 -1.732 9.995 10
-0.782 -1.531 9.736 11
-0.715 -1.283 9.839 9
-0.606 -0.989 10.02 10
-0.806 -1.083 10.365 12
-0.861 -1.235 10.046 8
-0.899 -1.241 9.637 10
-0.963 -1.309 9.615 10
-0.947 -1.318 9.999 10
-0.858 -1.207 10.105 10
-0.74 -1.118 10.032 11
-0.699 -1.083 10.003 9
-0.825 -1.091 9.894 10
-1.049 -1.194 9.98 10
-1.062 -1.158 10.171 11
-0.955 -1.206 10.541 9
-0.84 -1.19 10.339 12
-0.67 -1.194 9.955 8
-0.568 -1.176 9.737 11
-0.448 -1.074 9.475 10
-0.505 -1.078 9.868 10
-0.726 -1.146 10.259 9
-0.945 -1.256 10.26 12
-1.086 -1.289 10.117 8
-0.976 -1.204 9.997 11
-0.726 -1.127 9.932 10
-0.645 -1.152 9.986 10
-0.711 -1.192 10.091 9
-0.739 -1.179 10.093 11
-0.726 -1.149 10.075 9
-0.653 -1.085 10.011 11
-0.682 -1.048 10.013 10
-0.796 -1.083 10.046 10
-0.811 -1.082 9.958 9
-0.748 -1.066 9.991 13
-0.754 -1.02 10.033 7
-0.777 -1.026 10.159 11
-0.756 -1.038 10.111 10
-0.78 -1.1 10.067 10
-0.761 -1.122 10.046 9
-0.741 -1.19 10.095 12
-0.796 -1.22 10.073 8
-0.851 -1.207 10.11 11
-0.789 -1.165 9.947 10
-0.824 -1.145 9.949 10
-0.832 -1.151 10.124 9
-0.764 -1.146 10.143 11
-0.715 -1.136 10.105 9
-0.663 -1.124 10.044 12
-0.608 -1.13 10.038 9
-0.633 -1.177 10.075 10
-0.718 -1.247 10.123 9
-0.869 -1.349 9.955 13
-0.942 -1.388 9.863 7
-0.827 -1.35 9.886 11
-0.65 -1.271 9.947 10
-0.529 -1.232 9.991 10
-0.562 -1.206 9.927 9
-0.656 -1.241 9.95 12
-0.721 -1.225 10.05 8
-0.736 -1.145 10.12 11
-0.761 -1.116 10.035 10
-0.807 -1.13 9.999 10
-0.775 -1.105 10.012 9
-0.765 -1.103 10.125 11
-0.763 -1.068 10.093 9
-0.8 -1.058 10.154 11
-0.853 -1.107 10.207 10
-0.902 -1.216 10.208 10
-0.876 -1.316 10.147 9
-0.834 -1.349 10.049 13
-0.742 -1.316 9.941 7
-0.659 -1.222 9.931 11
-0.631 -1.148 9.986 10
-0.668 -1.098 9.95 10
-0.743 -1.079 9.997 9
-0.755 -1.004 9.986 12
-0.827 -1.033 10.152 8
-0.904 -1.117 10.213 11
-0.91 -1.16 10.15 10
-0.826 -1.136 10.077 10
-0.718 -1.054 9.929 9
-0.71 -1.036 9.914 12
-0.683 -1.073 9.965 8
-0.657 -1.075 10.022 11
-0.741 -1.079 9.993 10
-0.78 -1.074 9.952 10
-0.808 -1.091 10.036 10
-0.866 -1.168 10.129 12
-0.887 -1.267 10.113 8
-0.839 -1.214 10.141 10
-0.808 -1.116 10.116 10
-0.827 -1.047 10.095 10
-0.809 -0.951 10.052 10
-0.741 -0.927 10.023 12
-0.762 -1.002 9.919 8
-0.798 -1.213 10.393 10
-0.81 -1.732 11.026 10
-0.836 -1.794 9.245 14
-0.402 -1.514 9.006 6
-0.272 -0.99 9.285 11
-0.479 -0.657 9.789 9
-0.771 -0.539 10.438 10
-1.568 -1.001 10.642 11
-1.342 -1.058 10.305 9
-1.083 -1.105 10.214 10
# end
#Fri Oct 09 14:04:36 CEST 2015