# Accelerometer Values
# filename:  Acelerometro__2.txt
# Saving start time: Wed Oct 21 18:59:42 CEST 2015

# sensor resolution: 5.985504E-4m/s^2
#Sensorvendor: STMicroelectronics, name: K330 3-axis Accelerometer, type: 1,version : 1, range 19.6133

# X value, Y value, Z value, time diff in ms
0.529 -0.016 10.043 11
0.574 0.137 10.064 9
0.644 0.241 10.043 11
0.64 0.311 10.038 9
0.654 0.37 9.975 13
0.642 0.397 10.04 7
0.642 0.474 10.097 11
0.6 0.532 10.082 9
0.511 0.539 10.04 11
0.384 0.545 10.048 9
0.307 0.594 10.074 12
0.424 0.836 10.07 8
0.533 1.085 9.975 11
0.581 1.289 9.888 9
0.585 1.374 9.853 12
0.578 1.405 9.835 8
0.607 1.44 9.89 12
0.648 1.512 9.955 8
0.619 1.525 9.917 11
0.611 1.607 9.797 9
0.623 1.653 9.709 11
0.587 1.657 9.674 9
0.561 1.731 9.773 13
0.565 1.841 9.829 7
0.582 1.919 9.838 11
0.594 2.048 9.778 9
0.674 2.109 9.577 11
0.738 2.103 9.4 9
0.784 2.105 9.384 12
0.9 2.175 9.446 8
0.966 2.177 9.468 11
0.99 2.173 9.418 9
1.004 2.184 9.331 12
0.991 2.158 9.128 9
0.964 2.167 9.001 11
0.923 2.155 8.931 8
0.909 2.197 8.94 11
0.918 2.231 8.983 9
0.916 2.279 8.986 11
0.915 2.322 8.96 9
0.872 2.369 9.014 13
0.794 2.44 9.006 7
0.721 2.47 9.044 11
0.576 2.448 9.223 13
0.427 2.421 9.361 7
0.408 2.496 9.485 9
0.407 2.515 9.524 12
0.469 2.506 9.58 8
0.457 2.51 9.676 11
0.392 2.483 9.766 9
0.339 2.475 9.759 13
0.33 2.564 9.712 7
0.424 2.63 9.627 12
0.428 2.548 9.552 8
0.38 2.54 9.588 11
0.418 2.511 9.597 9
0.403 2.425 9.669 11
0.413 2.467 9.894 9
0.449 2.64 9.897 13
0.444 2.768 9.926 7
0.487 2.981 10.201 11
0.495 3.098 10.486 10
0.389 3.182 10.748 10
0.074 3.307 11.149 10
-0.171 3.427 11.404 11
-0.314 3.532 11.497 9
-0.377 3.731 11.446 10
-0.189 3.917 11.299 10
0.281 4.106 11.159 12
0.918 4.316 11.018 8
1.578 4.364 10.732 11
1.798 3.757 10.449 9
1.45 2.744 10.392 10
0.916 1.845 10.325 10
0.302 0.937 10.282 10
-0.311 -0.042 10.615 10
-0.415 -0.984 10.434 12
0.158 -1.812 10.014 8
0.483 -2.431 9.78 10
0.561 -2.957 9.954 10
0.075 -3.469 10.107 10
-0.931 -4.527 10.415 10
-1.897 -4.913 10.382 11
-2.231 -4.292 10.289 9
-1.563 -3.927 10.802 10
-0.278 -3.699 10.511 10
1.111 -3.258 10.242 12
2.191 -2.871 10.001 8
2.594 -2.981 9.571 11
2.327 -3.515 9.767 9
1.905 -3.611 9.669 10
1.306 -3.75 9.508 10
0.742 -4.028 9.897 10
0.165 -4.082 10.07 10
-0.342 -3.982 10.208 15
-0.51 -3.755 10.259 5
-0.309 -3.393 10.104 11
-0.02 -2.901 9.923 9
0.268 -2.413 9.752 11
0.503 -1.993 9.622 9
0.523 -1.596 9.622 12
0.569 -1.204 9.744 8
0.711 -0.769 9.753 11
0.809 -0.383 9.651 9
0.832 -0.104 9.571 12
0.715 0.025 9.558 8
0.639 0.033 9.632 12
0.67 0.067 9.588 8
0.743 0.099 9.525 11
0.7 0.101 9.472 9
0.609 0.046 9.466 11
0.464 0.104 9.416 9
0.256 0.172 9.294 13
0.097 0.173 9.286 7
-0.106 0.21 9.388 11
-0.296 0.207 9.384 9
-0.368 0.155 9.464 11
-0.388 0.222 9.418 9
-0.423 0.281 9.377 12
-0.356 0.447 9.305 8
-0.243 0.642 9.129 11
-0.172 0.836 9.157 9
-0.111 1.035 9.094 12
-0.002 1.242 8.917 8
0.096 1.401 8.737 12
0.214 1.575 8.495 8
0.337 1.777 8.414 11
0.465 1.947 8.25 9
0.696 2.093 8.07 11
0.857 2.148 8.072 9
0.853 2.045 8.239 13
0.829 2.079 8.444 7
0.7 2.166 8.434 11
0.619 2.259 8.585 9
0.833 2.461 8.537 11
1.136 2.582 8.462 9
1.334 2.67 8.733 15
1.342 2.753 8.677 6
1.164 2.73 8.614 10
1.167 2.732 8.311 9
1.301 2.722 8.454 13
1.433 2.678 8.974 7
1.54 3.124 9.081 12
1.982 3.776 8.808 8
2.367 4.036 8.488 11
2.452 3.867 8.844 9
2.33 3.514 9.181 11
1.778 3.106 9.351 9
1.322 2.918 9.926 13
1.237 2.994 10.052 7
1.301 3.12 9.71 11
1.242 2.937 9.285 9
0.705 2.531 8.93 11
0.272 1.757 9.433 9
-0.758 0.095 10.505 12
-1.892 -1.572 12.123 8
-2.406 -2.629 13.637 11
-2.823 -3.381 15.096 9
-2.245 -3.038 14.023 13
-1.9 -2.767 12.568 7
-1.395 -2.554 12.079 12
-0.702 -2.607 12.124 8
-0.034 -2.87 11.617 11
0.625 -2.987 11.582 10
0.942 -2.943 12.47 10
0.884 -2.793 13.34 10
0.988 -2.642 13.792 12
0.823 -2.747 13.634 8
0.386 -2.724 13.202 10
-0.029 -2.557 12.653 10
-0.15 -2.267 12.197 10
0.156 -2.011 12.166 10
0.577 -1.839 12.306 11
0.816 -1.588 12.308 9
0.991 -1.216 11.708 10
0.814 -0.951 11.236 10
0.626 -0.613 11.08 12
0.465 -0.296 10.605 8
0.311 0.065 10.097 11
0.198 0.378 9.846 9
-0.052 0.466 9.761 10
-0.203 0.688 9.683 10
-0.194 0.899 9.658 10
-0.261 0.975 9.712 10
-0.225 1.009 9.765 12
-0.038 1.074 9.7 8
0.064 1.11 9.316 10
0.008 1.324 9.317 10
-0.191 1.528 9.255 10
-0.323 1.59 9.269 10
-0.427 1.663 9.385 11
-0.553 1.68 9.447 9
-0.632 1.751 9.391 10
-0.574 1.851 9.29 14
-0.562 1.84 9.208 8
-0.653 1.733 9.274 8
-0.694 1.646 9.411 12
-0.636 1.687 9.426 8
-0.587 1.839 9.258 11
-0.563 1.996 8.998 9
-0.638 2.132 8.711 11
-0.668 2.126 8.553 9
-0.718 1.96 8.392 12
-0.691 1.97 8.702 8
-0.536 2.017 8.803 11
-0.47 2.376 8.378 9
-0.47 2.598 7.858 11
-0.415 2.558 7.175 9
-0.312 2.68 7.184 11
-0.236 2.683 7.275 9
-0.178 2.671 7.466 11
-0.034 2.746 7.538 9
0.227 2.965 7.399 12
0.502 3.302 7.196 8
0.685 3.728 7.143 12
0.708 3.883 7.138 8
0.642 3.84 7.471 11
0.515 3.625 7.973 9
0.447 3.276 8.278 11
0.423 3.14 8.509 9
0.347 3.323 8.651 14
-0.02 3.437 8.705 6
-0.336 3.262 8.675 11
-0.44 3.057 8.629 9
-0.389 2.791 8.468 11
-0.348 2.293 8.593 9
-0.515 1.438 9.095 13
-1.009 0.464 9.848 7
-1.455 -0.46 10.901 12
-1.701 -1.394 11.935 8
-1.43 -1.851 12.346 12
-0.705 -1.796 12.13 8
-0.211 -1.819 11.66 12
-0.277 -1.912 12.289 8
-0.32 -2.147 13.72 11
-0.045 -2.453 14.777 9
0.433 -2.54 15.515 11
1.037 -2.387 15.773 9
1.561 -1.911 15.713 13
1.744 -1.795 15.12 7
1.783 -1.727 14.269 11
1.647 -1.562 12.98 9
1.523 -1.413 11.986 11
1.674 -1.373 11.672 14
2.072 -1.2 11.511 7
2.235 -1.067 11.37 8
2.179 -1.012 11.164 11
2.132 -0.843 10.764 9
1.897 -0.962 10.465 13
1.459 -1.261 10.415 7
1.084 -1.191 10.764 12
0.607 -1.069 11.018 8
-0.101 -0.582 10.694 11
-0.228 -0.398 10.484 9
-0.121 -0.463 10.378 11
0.173 -0.497 10.402 9
0.557 -0.381 10.223 13
1.067 -0.181 9.926 7
1.301 -0.065 9.637 11
1.221 0.075 9.494 9
1.032 0.161 9.46 11
1.014 0.263 9.418 10
1.12 0.383 9.488 11
1.069 0.511 9.501 8
1.069 0.667 9.056 11
1.051 0.841 8.631 9
0.968 0.882 8.556 13
0.899 0.908 8.675 8
0.9 0.912 8.987 11
0.831 0.806 9.333 9
0.73 0.866 9.372 10
0.622 1.031 9.129 10
0.446 1.112 8.901 10
0.503 1.257 8.661 10
0.797 1.396 8.453 12
0.937 1.403 8.452 8
0.882 1.374 8.434 10
0.772 1.323 8.272 10
0.61 1.285 7.999 10
0.435 1.347 7.685 10
0.335 1.368 7.297 11
0.443 1.359 7.067 9
0.67 1.312 7.238 10
0.899 1.268 7.572 10
0.886 1.253 7.835 12
0.539 1.246 7.855 8
0.179 1.319 7.646 11
0.004 1.371 7.393 9
-0.131 1.411 7.302 10
-0.026 1.39 7.499 10
0.313 1.267 7.668 10
0.509 1.118 7.642 10
0.579 1.036 7.555 12
0.709 1.024 7.489 8
0.901 1.087 7.404 12
1.236 1.039 7.702 8
1.431 0.735 7.958 11
1.446 0.392 7.857 9
1.296 0.084 8.357 13
0.23 -0.806 9.289 7
-0.194 -1.286 10.21 10
-0.253 -1.669 10.948 10
0.092 -1.975 11.278 12
0.444 -1.821 11.347 8
0.448 -1.711 11.234 14
0.432 -1.607 11.699 6
0.493 -1.656 13.048 11
0.389 -1.958 14.308 9
0.099 -2.27 14.859 11
-0.334 -2.381 14.714 9
-0.73 -2.382 14.451 12
-0.958 -2.234 14.259 8
-0.881 -1.962 14.39 11
-0.561 -1.754 14.753 9
-0.396 -1.586 14.984 11
-0.208 -1.429 14.911 9
-0.223 -1.371 14.79 12
-0.447 -1.229 14.744 8
-0.505 -1.114 14.389 11
-0.102 -1.128 13.936 9
0.329 -1.148 13.564 12
0.774 -1.188 13.343 8
1.023 -1.262 13.089 12
1.053 -1.214 12.645 8
0.66 -1.117 12.44 11
0.055 -1.054 12.418 9
-0.271 -0.997 12.434 11
-0.356 -1.055 12.501 9
-0.364 -1.105 12.58 13
-0.225 -1.058 12.519 7
0.131 -0.931 12.254 11
0.298 -0.809 12.019 9
0.214 -0.644 11.692 11
0.102 -0.523 11.168 9
0.046 -0.394 10.589 12
0.212 -0.192 10.128 8
0.453 -0.073 10.012 11
0.608 -0.062 10.388 9
0.765 -0.081 10.396 12
0.963 -0.151 10.626 8
1.158 -0.231 11.037 12
1.167 -0.272 10.955 8
1.007 -0.132 10.166 11
0.858 0.174 9.6 14
0.538 0.157 9.251 6
0.373 0.103 9.276 9
0.857 0.082 10.245 13
1.123 -0.085 10.649 7
1.155 -0.167 10.563 11
1.043 -0.076 10.058 9
0.9 0.064 9.799 11
0.818 0.004 10.046 9
1.015 -0.052 10.701 12
1.176 -0.073 11.176 8
1.195 -0.093 11.267 11
1.146 0.006 11.147 9
1.07 0.13 10.829 13
0.909 0.305 10.582 7
0.727 0.414 10.123 12
0.502 0.511 9.618 8
0.112 0.32 9.364 11
-0.204 0.298 10.834 9
0.155 0.335 9.935 11
0.192 0.683 8.458 9
-0.046 0.339 8.534 13
-0.029 0.173 9.188 7
0.248 0.162 9.865 11
0.5 0.141 10.581 9
0.594 0.067 11.288 11
0.546 0.105 11.514 9
-0.079 -0.407 11.479 12
-0.024 -0.114 11.101 9
0.372 0.278 10.242 10
0.322 0.298 9.535 10
0.21 0.302 9.346 12
0.24 0.43 9.501 8
0.124 0.32 9.655 11
0.153 0.293 9.785 9
0.341 0.423 9.747 10
0.475 0.414 9.621 10
0.606 0.426 9.57 10
0.779 0.433 9.746 10
0.901 0.378 9.999 12
0.92 0.314 10.33 8
0.924 0.266 10.512 10
1.024 0.223 10.545 10
1.037 0.185 10.377 10
1.061 0.213 10.177 10
1.076 0.254 10.235 11
1.029 0.184 10.39 9
1.036 0.165 10.51 10
1.064 0.187 10.642 10
0.963 0.161 10.786 12
0.746 0.113 11.064 8
0.725 0.084 10.985 14
0.658 0.12 10.728 6
0.538 0.219 10.4 10
0.442 0.287 10.287 10
0.342 0.287 10.184 10
0.346 0.306 10.069 10
0.408 0.315 10.134 12
0.463 0.278 10.229 8
0.439 0.238 10.296 11
0.417 0.208 10.347 9
0.326 0.235 10.263 11
0.244 0.249 10.21 9
0.176 0.235 10.247 12
0.18 0.254 10.269 8
0.278 0.284 10.295 11
0.409 0.301 10.278 9
0.515 0.269 10.217 12
0.539 0.25 10.267 8
0.509 0.3 10.302 12
0.444 0.312 10.278 8
0.358 0.294 10.232 11
0.299 0.297 10.187 9
0.286 0.288 10.153 11
0.278 0.268 10.168 9
0.158 0.272 10.069 13
0.073 0.32 9.933 7
0.009 0.35 9.865 11
-0.047 0.42 9.589 9
-0.094 0.509 9.543 11
-0.138 0.469 9.984 9
-0.103 0.378 10.62 12
-0.043 0.325 11.045 8
0.012 0.348 11.221 11
0.036 0.378 11.173 9
0.116 0.327 10.9 12
0.237 0.276 10.686 8
0.246 0.349 10.19 12
0.493 0.508 8.452 8
0.575 0.758 7.995 11
0.442 0.525 9.085 9
0.124 0.357 10.22 11
-0.272 0.165 10.989 9
0.037 0.311 10.87 13
0.239 0.444 10.474 7
# end
#Wed Oct 21 18:59:46 CEST 2015