# Accelerometer Values
# filename:  Acelerometro__4.txt
# Saving start time: Tue Oct 27 23:22:19 CET 2015

# sensor resolution: 5.985504E-4m/s^2
#Sensorvendor: STMicroelectronics, name: K330 3-axis Accelerometer, type: 1,version : 1, range 19.6133

# X value, Y value, Z value, time diff in ms
0.149 -2.803 9.946 10
0.178 -2.786 9.968 10
0.132 -2.75 9.873 10
0.058 -2.701 9.647 13
-0.054 -2.69 9.405 7
-0.158 -2.689 9.29 10
-0.204 -2.725 9.339 10
-0.093 -2.725 9.652 10
0.026 -2.828 10.125 10
0.028 -2.97 10.122 12
0.032 -2.965 10.043 8
0.036 -3.041 10.007 10
0.131 -3.144 9.952 10
0.229 -3.064 9.927 10
0.207 -2.987 9.784 10
0.137 -2.995 9.7 12
0.257 -2.71 9.835 8
0.11 -3.199 9.786 11
0.098 -3.303 9.759 9
0.209 -2.934 9.611 11
0.07 -2.851 9.383 9
-0.178 -2.873 9.288 13
-0.269 -2.987 9.387 7
-0.23 -3.276 9.555 11
-0.116 -3.474 9.662 9
0.025 -3.238 9.823 11
0.047 -2.984 9.969 9
-0.149 -3.134 9.947 12
-0.144 -3.125 10.032 8
-0.059 -3.01 10.235 11
-0.218 -3.113 10.195 9
-0.232 -3.152 10.148 11
-0.146 -3.177 10.18 9
0.018 -3.154 10.214 13
0.192 -3.05 10.219 7
0.223 -2.888 10.161 11
0.243 -2.735 9.968 9
0.124 -3.074 9.809 11
-0.186 -3.395 9.777 9
-0.344 -2.977 9.934 13
-0.014 -3.231 9.569 7
-0.547 -3.388 9.384 11
-0.436 -2.988 9.397 9
-0.288 -2.798 9.26 11
-0.009 -2.717 8.995 9
0.094 -2.633 9.002 12
0.096 -2.545 9.251 8
0.059 -2.534 9.266 11
-0.014 -2.527 9.179 9
-0.204 -2.591 9.176 11
-0.347 -2.673 9.106 9
-0.392 -2.807 9.106 13
-0.36 -2.817 9.267 7
-0.803 -2.476 9.39 11
-0.475 -2.71 9.707 9
0.356 -3.339 9.676 11
0.286 -3.156 9.905 9
-0.121 -2.971 9.822 14
-0.1 -2.858 9.535 6
-0.004 -2.862 9.347 11
-0.162 -2.905 9.265 9
-0.296 -2.876 9.366 11
-0.306 -2.815 9.599 9
-0.206 -2.941 9.616 12
-0.143 -3.288 9.89 8
0.45 -3.508 10.487 11
0.421 -3.208 10.166 9
0.048 -3.283 9.865 11
0.012 -3.183 9.759 9
-0.067 -3.154 9.725 13
-0.105 -3.116 9.767 7
-0.155 -3.052 9.803 11
-0.182 -3.007 9.803 9
-0.162 -2.975 9.791 11
-0.092 -2.918 9.756 9
-0.055 -2.85 9.776 14
-0.031 -2.843 9.688 6
-0.038 -2.894 9.604 11
-0.076 -2.934 9.492 9
-0.1 -3.016 9.48 11
-0.096 -3.12 9.559 9
0.005 -3.199 9.749 12
0.159 -3.216 9.947 9
0.243 -3.184 9.993 10
0.287 -3.156 9.961 10
0.309 -3.114 9.743 10
0.319 -3.105 9.625 10
0.327 -3.104 9.659 12
0.28 -3.114 9.661 8
0.246 -3.14 9.71 10
0.251 -3.125 9.743 10
0.229 -3.063 9.712 10
0.228 -2.982 9.645 10
0.164 -2.929 9.467 13
0.113 -2.933 9.361 7
0.126 -2.962 9.512 10
0.17 -2.938 9.706 10
0.167 -2.984 9.801 10
0.237 -3.041 9.829 10
0.302 -3.035 9.77 11
0.28 -2.983 9.661 9
0.18 -2.962 9.558 10
0.155 -2.993 9.577 10
0.17 -3.061 9.886 10
0.31 -3.118 9.944 10
0.435 -3.137 9.957 12
0.51 -3.161 9.802 8
0.502 -3.151 9.606 10
0.288 -3.114 9.485 10
0.041 -3.082 9.394 10
-0.04 -3.08 9.369 10
0.076 -3.18 9.494 13
0.135 -3.211 9.692 7
0.183 -3.214 9.792 10
0.147 -3.214 9.696 10
0.035 -3.173 9.467 10
0.004 -3.098 9.154 10
-0.063 -3.023 9.092 11
-0.062 -2.964 9.147 9
-0.131 -2.991 9.19 10
-0.16 -3.074 9.225 10
-0.186 -3.185 9.178 11
-0.223 -3.162 9.092 9
-0.216 -3.204 9.185 12
-0.201 -3.378 9.475 8
-0.141 -3.443 9.768 11
-0.301 -3.501 9.912 9
-0.461 -3.482 9.949 11
-0.606 -3.404 9.889 9
-0.591 -3.361 9.76 13
-0.533 -3.354 9.647 7
-0.477 -3.335 9.654 11
-0.378 -3.257 9.694 9
-0.327 -3.22 9.704 11
-0.331 -3.095 9.612 9
-0.429 -3.03 9.411 12
-0.551 -3.06 9.207 8
-0.66 -3.111 9.323 11
-0.714 -3.104 9.618 9
-0.761 -3.164 9.841 11
-0.721 -3.184 9.853 9
-0.655 -3.181 9.744 13
-0.56 -3.164 9.689 7
-0.425 -3.102 9.633 11
-0.199 -3.093 9.542 9
0.064 -3.04 9.499 11
0.165 -2.938 9.562 9
0.119 -2.904 9.555 13
-0.056 -2.9 9.337 7
-0.187 -2.919 9.188 11
-0.178 -2.997 9.252 9
0.054 -3.025 9.469 11
0.315 -3.217 9.831 9
0.244 -3.044 9.9 12
0.001 -3.159 9.811 8
-0.156 -3.214 9.73 11
-0.24 -3.239 9.664 9
-0.281 -3.302 9.685 11
-0.382 -3.317 9.762 9
-0.471 -3.322 9.852 13
-0.415 -3.312 9.783 7
-0.33 -3.253 9.526 11
-0.19 -3.147 9.296 9
-0.108 -3.031 9.109 11
-0.088 -2.989 9.087 9
-0.161 -3.014 9.076 14
-0.177 -2.965 9.008 6
-0.135 -2.891 8.817 11
-0.094 -2.928 8.67 9
-0.123 -2.911 8.483 11
-0.143 -2.831 8.161 9
-0.083 -2.789 7.857 12
0.06 -2.749 7.666 8
0.144 -2.673 7.518 11
0.146 -2.573 7.381 9
0.151 -2.516 7.359 11
0.183 -2.483 7.363 9
0.175 -2.379 7.196 13
0.134 -2.323 6.917 7
0.198 -2.342 6.833 11
0.206 -2.293 6.827 9
0.07 -2.248 6.709 11
-0.095 -2.067 6.533 9
-0.18 -1.871 6.574 14
-0.11 -1.769 6.661 6
0.088 -1.685 6.587 11
0.168 -1.677 6.525 9
0.18 -1.654 6.597 11
0.158 -1.653 6.716 10
-0.066 -1.762 7.067 11
-0.257 -1.909 7.595 9
-0.362 -2.097 8.403 10
-0.493 -2.311 9.129 10
-0.567 -2.497 9.493 10
-0.649 -2.779 9.686 10
-0.648 -3.134 9.781 12
-0.681 -3.388 10.026 8
-0.644 -3.485 10.403 10
-0.591 -3.623 10.814 10
-0.37 -3.782 11.233 10
-0.108 -3.787 11.428 10
0.023 -4.277 11.291 13
-0.026 -4.431 11.195 7
-0.159 -4.545 10.978 10
-0.098 -4.685 10.693 10
0.164 -4.843 10.857 10
0.508 -4.725 11.343 10
0.563 -4.513 11.493 11
0.317 -4.314 11.48 9
0.159 -4.225 11.613 10
-0.051 -4.522 11.957 10
0.012 -4.916 12.713 10
0.184 -5.267 13.434 10
0.344 -5.794 13.618 12
0.653 -6.276 13.374 8
0.905 -6.733 13.038 10
0.994 -7.154 12.94 10
1.04 -7.411 12.961 10
1.052 -7.444 13.023 10
1.028 -7.199 13.005 13
0.921 -6.597 12.831 7
0.714 -5.869 12.439 10
0.583 -5.06 11.843 10
0.508 -4.212 10.918 10
0.487 -3.476 9.821 10
0.435 -3.037 9.03 12
0.293 -2.764 8.537 8
0.108 -2.597 8.183 10
0.025 -2.487 7.859 10
0.132 -2.433 7.496 11
0.322 -2.302 7.095 9
0.432 -2.258 6.611 12
0.426 -2.229 6.199 8
0.411 -2.111 5.962 11
0.293 -1.975 5.859 9
0.164 -1.815 5.844 11
0.14 -1.771 5.947 9
0.209 -1.768 6.095 13
0.228 -1.822 6.129 7
0.198 -1.922 6.087 11
0.189 -2.031 6.105 9
0.168 -2.142 6.218 11
0.023 -2.343 6.403 9
-0.048 -2.613 6.781 12
-0.021 -2.659 7.163 8
-0.037 -2.483 7.356 11
0.029 -2.177 7.302 9
0.144 -1.813 6.988 11
0.186 -1.611 6.574 9
0.336 -1.529 6.645 13
0.64 -1.797 6.955 7
0.623 -1.977 7.246 11
0.746 -2.086 7.445 9
0.992 -2.216 7.743 11
1.185 -2.502 8.101 9
1.11 -2.933 8.639 16
0.918 -3.473 9.185 4
0.76 -3.979 9.561 11
0.588 -4.401 9.916 9
0.391 -4.535 10.225 11
0.085 -4.613 10.965 9
-0.339 -4.677 11.71 12
-0.934 -4.577 12.271 8
-1.308 -4.244 12.625 11
-1.231 -3.677 12.461 9
-1.196 -3.175 11.972 11
-1.246 -3.04 11.315 9
-1.444 -3.812 11.002 13
-1.72 -5.588 11.59 7
-1.786 -7.353 12.974 11
-1.615 -8.589 14.759 9
-1.134 -8.701 16.347 11
-0.645 -8.031 16.839 9
-0.37 -6.955 16.068 14
-0.27 -5.82 14.724 6
-0.079 -4.935 13.518 11
0.274 -4.279 12.581 9
0.563 -3.79 11.692 11
0.651 -3.501 10.76 9
0.745 -3.323 9.943 12
0.778 -3.229 9.527 8
0.8 -3.256 9.36 11
0.864 -3.292 9.263 9
0.716 -3.302 9.3 11
0.366 -3.339 9.493 9
-0.026 -3.436 9.574 13
-0.297 -3.449 9.616 7
-0.338 -3.441 9.44 11
-0.319 -3.387 9.213 9
-0.441 -3.277 8.995 11
-0.588 -3.078 8.65 9
-0.664 -2.75 8.098 14
-0.717 -2.328 7.515 6
-0.672 -1.835 6.867 11
-0.755 -1.429 6.178 10
-0.847 -1.145 5.795 10
-0.751 -1.054 5.814 10
-0.662 -1.155 5.973 11
-0.867 -1.242 5.969 9
-1.052 -1.567 6.164 10
-1.106 -1.765 6.53 10
-1.04 -1.952 7.076 10
-0.988 -2.169 7.552 10
-1.03 -2.323 7.888 12
-0.998 -2.565 8.242 8
-0.967 -2.825 8.665 14
-0.96 -3.162 8.95 6
-0.897 -3.482 9.08 10
-0.732 -3.732 9.191 10
-0.56 -3.705 9.333 13
-0.408 -3.583 9.485 7
-0.421 -3.757 9.852 10
-0.6 -4.22 10.612 10
-0.657 -4.573 11.492 12
-0.586 -4.76 12.254 8
-0.493 -4.848 12.625 11
-0.439 -4.915 12.69 9
-0.23 -5.043 12.994 10
0.105 -5.101 13.508 10
0.295 -4.871 13.876 10
0.536 -4.709 13.722 10
0.851 -5.008 13.623 12
1.236 -5.71 13.639 8
1.45 -6.593 13.572 10
1.66 -7.399 13.694 10
2.06 -7.885 14.016 10
2.436 -7.844 14.236 10
2.247 -7.313 14.254 13
1.498 -6.393 13.931 7
0.639 -5.332 13.4 11
0.016 -4.278 12.806 9
-0.33 -3.351 12.002 11
-0.348 -2.673 11.061 9
-0.187 -2.283 9.974 12
-0.031 -2.097 9.019 8
0.073 -2.146 8.297 11
0.193 -2.313 7.846 9
0.396 -2.488 7.57 11
0.531 -2.604 7.347 9
0.52 -2.627 7.167 12
0.441 -2.582 6.892 8
0.423 -2.486 6.667 11
0.45 -2.34 6.557 9
0.389 -2.244 6.481 11
0.159 -2.169 6.423 9
0.029 -2.145 6.387 13
0.031 -2.181 6.31 7
0.381 -2.139 5.962 11
0.401 -2.096 5.728 9
0.344 -2.075 5.549 11
0.296 -2.009 5.389 9
0.205 -1.985 5.344 12
0.125 -1.957 5.405 8
0.083 -1.919 5.592 11
0.132 -1.781 5.868 9
0.222 -1.628 6.093 11
0.311 -1.55 6.235 9
0.391 -1.499 6.329 13
0.463 -1.529 6.504 7
0.438 -1.655 6.794 13
0.516 -1.747 7.31 7
0.63 -1.919 7.748 11
0.766 -2.054 8.049 9
0.937 -2.205 8.28 15
1.196 -2.378 8.562 5
1.268 -2.49 8.754 11
1.219 -2.582 8.848 9
1.154 -2.804 9.043 13
0.966 -3.005 9.405 7
0.697 -3.208 9.58 12
0.465 -3.578 9.774 8
0.271 -3.781 10.096 11
-0.063 -4.075 10.539 9
-0.285 -4.308 11.115 11
-0.652 -4.402 11.729 9
-0.99 -4.584 12.309 13
-1.18 -4.594 12.983 7
-1.482 -4.34 13.502 11
-2.175 -4.326 13.725 9
-2.717 -4.653 13.902 11
-2.802 -5.371 14.127 9
-2.586 -6.408 14.53 13
-2.019 -7.23 15.391 7
-1.227 -7.335 16.347 11
-0.442 -6.924 16.67 9
0.326 -6.129 16.216 11
1.076 -5.201 15.082 9
1.726 -4.328 13.652 12
2.035 -3.661 12.516 8
2.185 -3.308 11.699 11
2.124 -3.174 11.281 9
1.82 -3.114 11.025 11
1.262 -3.105 10.951 9
0.672 -3.075 10.875 13
0.108 -3.071 10.758 7
-0.43 -2.956 10.502 11
-1.039 -2.467 9.291 10
-1.031 -2.27 8.438 10
-0.934 -2.091 7.587 10
-0.779 -1.936 6.774 13
-0.625 -1.823 6.18 7
-0.466 -1.721 5.846 10
-0.424 -1.66 5.653 10
-0.487 -1.617 5.597 10
-0.649 -1.533 5.628 10
-0.739 -1.441 5.703 11
-0.757 -1.372 5.711 9
-0.697 -1.245 5.72 10
-0.663 -1.164 5.85 10
-0.676 -1.197 6.111 15
-0.743 -1.304 6.386 5
-0.73 -1.46 6.695 12
-0.667 -1.699 6.904 8
-0.526 -1.983 7.16 10
-0.461 -2.311 7.56 10
-0.504 -2.71 8.186 10
-0.639 -3.119 8.952 10
-0.764 -3.318 9.627 13
-0.817 -3.344 9.973 7
-0.752 -3.162 9.898 10
-0.697 -2.905 9.589 10
-0.683 -2.713 9.342 13
-0.608 -2.574 9.41 7
-0.553 -2.82 9.942 11
-0.679 -3.225 10.735 9
-0.918 -3.691 11.53 10
-0.993 -4.046 12.198 10
-0.94 -4.305 12.841 10
-0.645 -4.392 13.245 10
-0.215 -4.387 13.221 12
0.131 -4.315 13.123 8
0.299 -4.089 12.859 11
0.277 -4.05 12.6 9
0.278 -4.091 12.522 11
0.422 -4.074 12.404 9
0.748 -4.232 12.044 13
0.999 -4.618 11.719 7
0.855 -5.169 11.74 11
1.012 -5.921 11.901 9
1.098 -6.354 12.133 11
0.943 -6.527 12.366 9
0.499 -6.355 12.734 11
0.002 -5.812 13.019 9
-0.779 -4.186 12.634 11
-0.751 -3.498 11.934 9
-0.39 -3.138 11.277 11
-0.084 -3.029 10.702 9
0.147 -2.975 10.16 13
0.33 -2.899 9.583 7
0.577 -2.808 8.876 11
0.806 -2.661 8.118 9
0.867 -2.553 7.499 11
0.843 -2.48 7.03 9
0.766 -2.402 6.744 13
0.624 -2.285 6.385 7
0.438 -2.218 6.038 11
0.272 -2.201 5.724 9
0.079 -2.22 5.521 11
0.055 -2.253 5.655 9
0.178 -2.161 5.882 12
0.285 -1.987 5.964 8
0.258 -1.789 5.717 11
0.151 -1.491 5.41 9
0.153 -1.094 4.953 11
0.364 -0.86 4.472 9
0.642 -0.786 4.159 13
0.716 -0.787 4.316 7
0.649 -1.121 4.926 11
0.647 -1.645 5.938 9
0.664 -2.121 7.0 11
0.675 -2.654 7.753 9
0.729 -2.98 8.218 13
0.855 -3.125 8.432 7
0.987 -3.174 8.402 11
1.064 -3.026 8.431 9
1.116 -2.93 8.561 11
1.098 -2.797 8.776 9
0.943 -2.699 9.03 15
0.842 -2.687 9.042 5
0.786 -2.848 8.764 11
0.624 -3.2 8.51 9
0.277 -3.527 8.564 11
-0.269 -4.005 9.167 9
-0.801 -4.484 10.317 13
-1.091 -4.814 11.575 7
-1.095 -4.853 12.587 11
-1.074 -4.79 13.08 9
-1.105 -4.617 13.141 11
-1.296 -4.493 12.982 9
-1.565 -4.439 13.286 13
-1.888 -4.835 13.736 8
-1.854 -5.336 14.287 10
-1.488 -5.847 14.902 9
-0.918 -6.194 15.55 11
-0.253 -6.054 16.056 9
0.262 -5.706 16.3 12
0.712 -5.231 16.158 8
1.1 -4.675 15.488 11
1.309 -4.255 14.6 9
1.552 -3.882 13.953 11
1.697 -3.476 13.444 10
1.432 -3.215 12.729 12
0.736 -3.099 12.17 8
0.004 -3.057 11.791 10
-0.548 -3.062 11.618 10
-0.898 -3.06 11.514 10
-1.084 -3.059 11.223 10
-1.15 -3.017 10.918 13
-1.06 -2.848 10.448 7
-0.854 -2.571 9.743 10
-0.661 -2.316 8.979 10
-0.537 -2.164 8.349 10
-0.506 -2.148 7.907 10
-0.495 -2.138 7.611 11
-0.375 -1.982 7.326 9
-0.14 -1.836 6.936 10
-0.012 -1.599 6.529 10
0.004 -1.384 6.029 10
-0.034 -1.125 5.521 10
0.017 -0.946 5.209 12
0.038 -0.831 4.974 8
-0.03 -0.731 4.797 10
-0.169 -0.669 4.724 10
-0.37 -0.718 4.747 10
-0.433 -0.978 4.996 10
-0.613 -1.137 5.462 13
-0.961 -1.425 5.965 7
-1.251 -1.906 6.603 10
-1.532 -2.313 7.206 10
-1.762 -2.658 7.663 10
-1.928 -2.93 8.01 10
-2.0 -3.08 8.506 11
-2.022 -3.131 8.999 9
-1.982 -3.095 9.461 10
-1.939 -3.071 9.966 10
-1.863 -3.043 10.331 10
-1.412 -2.77 10.547 10
-1.105 -2.698 10.45 16
-0.864 -2.607 10.456 4
-0.687 -2.567 10.339 11
-0.513 -2.676 10.289 9
-0.436 -2.951 10.504 11
-0.465 -3.325 10.879 9
-0.454 -3.712 11.404 13
-0.324 -3.897 11.584 7
-0.073 -3.937 11.449 11
0.128 -3.982 11.346 9
0.135 -4.057 11.403 11
0.18 -4.141 11.546 9
0.096 -4.464 11.922 12
-0.122 -4.961 12.452 8
-0.256 -5.425 12.879 11
-0.28 -5.765 13.081 9
-0.445 -6.042 13.233 11
-0.721 -6.137 13.534 9
-0.843 -5.843 13.733 13
-1.024 -5.32 13.626 7
-1.282 -4.717 13.344 11
-1.484 -4.079 13.05 9
-1.499 -3.519 12.588 11
-1.366 -3.167 11.962 9
-1.089 -2.935 11.235 14
-0.784 -2.813 10.46 6
-0.572 -2.702 9.912 11
-0.111 -2.646 9.611 9
0.551 -2.661 9.306 11
1.006 -2.543 8.944 9
1.195 -2.365 8.622 12
1.082 -2.14 8.346 8
0.732 -1.988 8.134 11
0.521 -1.876 7.979 9
0.464 -1.803 7.822 11
0.427 -1.696 7.696 9
0.323 -1.562 7.41 13
0.143 -1.442 7.025 7
-0.03 -1.379 6.539 11
-0.178 -1.444 6.205 9
-0.158 -1.475 6.332 11
-0.117 -1.414 6.57 10
-0.047 -1.324 6.628 13
0.05 -1.256 6.509 7
0.2 -1.174 6.35 10
0.039 -1.309 6.624 9
-0.098 -1.519 6.975 11
-0.098 -1.632 7.284 9
0.053 -1.681 7.47 12
0.166 -1.651 7.549 8
0.212 -1.671 7.475 11
0.117 -1.823 7.435 9
0.107 -2.096 7.602 11
0.129 -2.333 7.757 9
0.238 -2.54 7.759 14
0.312 -2.719 7.73 6
0.35 -2.844 7.652 11
0.187 -2.81 7.53 9
-0.377 -2.957 7.382 11
-1.11 -3.348 7.415 9
-1.719 -3.819 7.632 10
-1.719 -3.819 7.632 9
-2.389 -4.217 8.023 2
-3.162 -4.538 8.748 10
-4.081 -5.048 10.135 9
-4.376 -5.501 11.785 11
-4.202 -5.541 13.238 9
-4.02 -5.445 14.286 12
-4.11 -5.232 15.113 9
-4.322 -5.23 15.348 10
-4.775 -5.84 15.231 10
-4.905 -6.898 15.106 10
-4.498 -7.977 15.333 10
-3.823 -9.055 15.972 12
-2.922 -9.901 17.187 8
-2.066 -10.153 18.455 10
-1.47 -9.639 19.121 10
-1.039 -8.57 18.808 10
-0.781 -7.322 17.84 10
-0.424 -6.221 16.679 13
0.122 -5.305 15.4 7
0.646 -4.63 13.998 10
1.039 -4.072 12.561 10
1.329 -3.691 11.286 10
1.343 -3.387 10.321 10
1.031 -3.203 9.536 11
0.882 -3.131 8.866 9
0.701 -3.083 8.398 10
0.351 -3.026 8.022 10
-0.136 -2.809 7.609 10
-0.584 -2.631 7.113 10
-0.805 -2.487 6.648 12
-0.745 -2.205 5.808 8
-0.664 -2.112 5.475 10
-0.653 -2.04 5.276 10
-0.588 -1.965 5.123 10
-0.515 -1.813 5.067 10
-0.512 -1.64 5.133 13
-0.623 -1.565 5.193 7
-0.78 -1.482 5.126 10
-0.89 -1.326 4.939 10
-0.869 -1.228 4.813 10
-0.749 -1.126 4.842 10
-0.662 -1.045 5.069 11
-0.739 -1.139 5.626 9
-0.843 -1.307 6.448 11
-1.121 -1.656 7.493 9
-1.458 -2.251 8.905 10
-1.866 -2.905 10.409 10
-2.179 -3.476 11.592 12
-2.284 -3.933 12.467 8
-2.11 -4.325 13.183 11
-1.762 -4.571 13.925 9
-1.535 -4.656 14.721 14
-1.426 -4.477 15.017 6
-1.359 -4.098 14.731 13
-1.206 -3.724 14.15 7
-0.918 -3.397 13.486 11
-0.738 -3.177 12.831 9
-0.557 -3.201 12.26 11
-0.247 -3.536 11.944 9
0.077 -4.071 11.889 12
0.259 -4.628 11.877 8
0.301 -5.199 11.776 11
0.402 -5.596 11.501 9
0.688 -5.692 11.153 11
0.862 -5.601 10.698 9
0.831 -5.278 10.218 13
0.493 -4.76 9.685 7
-0.012 -4.201 9.127 11
-0.35 -3.732 8.641 9
-0.618 -3.451 8.219 11
-0.836 -3.459 7.772 9
-0.848 -3.687 7.474 13
-0.738 -3.897 7.517 7
-0.722 -4.073 7.422 11
-0.785 -4.418 7.192 9
-0.889 -4.825 7.484 11
-1.052 -5.308 7.979 9
-1.064 -5.507 8.49 12
-1.109 -5.465 8.987 8
-1.072 -5.198 9.3 11
-1.001 -4.829 9.361 9
-0.859 -4.418 9.232 11
-0.613 -4.041 8.913 9
-0.377 -3.71 8.614 13
-0.106 -3.49 8.352 7
-0.16 -3.356 8.141 11
-0.218 -3.324 8.008 9
0.045 -3.399 7.997 11
0.424 -3.427 7.985 9
0.669 -3.483 7.936 15
0.809 -3.43 7.844 5
0.831 -3.357 7.706 11
0.77 -3.368 7.735 9
0.717 -3.314 7.891 11
0.586 -3.274 7.942 9
0.454 -3.318 7.974 13
0.388 -3.4 7.973 7
0.317 -3.5 7.994 11
0.284 -3.684 8.143 9
0.341 -3.996 8.362 11
0.384 -4.216 8.836 9
0.351 -4.364 9.408 14
0.26 -4.477 9.836 6
0.215 -4.577 10.074 11
0.223 -4.759 10.036 9
0.196 -5.023 10.098 11
0.338 -5.261 10.386 9
0.757 -5.457 10.59 17
0.785 -5.498 10.747 3
0.637 -5.532 10.895 11
0.646 -5.559 11.04 9
0.791 -5.452 11.213 11
0.852 -5.231 11.304 10
0.903 -5.0 11.162 11
0.928 -4.551 10.899 9
0.846 -4.0 10.48 10
0.636 -3.595 9.876 10
0.463 -3.472 9.339 10
0.303 -3.853 9.107 10
0.184 -4.483 9.303 12
0.02 -5.246 9.774 8
-0.243 -5.931 10.792 10
-0.955 -6.269 10.857 10
-1.225 -5.922 10.591 10
-1.458 -5.412 9.967 10
-1.723 -4.851 9.312 13
-1.977 -4.346 8.844 7
-2.117 -3.921 8.465 10
-2.124 -3.694 8.098 10
-2.051 -3.578 7.881 10
-1.981 -3.705 7.77 10
-1.835 -4.03 7.9 11
-1.568 -4.373 8.125 9
-1.145 -4.688 8.472 10
-0.541 -4.906 8.842 10
0.103 -5.027 9.211 10
0.795 -4.982 9.443 10
1.432 -4.845 9.668 12
1.856 -4.648 9.756 8
2.008 -4.313 9.734 10
2.063 -3.981 9.634 10
2.07 -3.664 9.494 10
2.024 -3.359 9.229 10
1.889 -3.058 8.819 13
1.698 -2.756 8.286 7
1.513 -2.489 7.834 11
1.244 -2.349 7.583 9
0.945 -2.275 7.352 11
0.641 -2.296 7.059 9
0.392 -2.352 6.704 12
0.193 -2.479 6.435 8
-0.06 -2.612 6.27 11
-0.316 -2.778 6.123 9
-0.508 -2.947 6.095 11
-0.605 -2.987 6.127 9
-0.746 -2.935 6.078 12
-0.852 -2.905 5.923 8
-0.855 -2.753 5.775 11
-0.797 -2.527 5.716 9
-0.745 -2.274 5.767 11
-0.692 -2.051 5.822 9
-0.612 -1.801 5.862 17
-0.493 -1.624 5.836 3
-0.426 -1.559 5.874 11
-0.378 -1.575 6.057 9
-0.402 -1.714 6.63 11
-0.417 -1.951 7.28 9
-0.392 -2.203 8.309 12
-0.383 -2.554 8.592 8
-0.266 -2.759 8.794 11
-0.25 -3.049 8.978 9
-0.191 -3.346 9.257 11
-0.002 -3.743 9.683 9
0.117 -4.046 10.297 17
0.181 -4.294 10.975 3
0.161 -4.578 11.672 11
-0.008 -4.698 12.134 9
-0.395 -4.616 12.205 11
-0.766 -4.452 12.007 9
-0.913 -4.144 11.386 13
-0.851 -3.961 10.593 7
-0.93 -3.819 10.028 11
-1.087 -3.641 9.978 9
-1.221 -3.551 10.165 11
-1.17 -3.539 10.725 9
-0.825 -3.587 11.124 12
-0.686 -4.537 11.63 8
-0.653 -6.354 12.725 11
-0.644 -8.655 14.168 9
-0.834 -10.758 15.91 11
-1.077 -11.822 17.441 9
-1.315 -11.617 18.351 13
-1.171 -10.263 18.319 7
-0.882 -8.172 16.944 11
-0.884 -6.17 15.375 9
-1.123 -4.364 14.238 11
-1.557 -2.929 13.08 9
-1.988 -1.955 11.893 13
-2.151 -1.469 10.79 7
-1.986 -1.311 9.87 11
-1.607 -1.42 9.202 9
-1.146 -1.53 8.641 11
-0.6 -1.534 7.801 9
-0.227 -1.517 6.855 12
-0.072 -1.456 5.973 8
-0.088 -1.333 5.412 11
-0.131 -1.672 4.613 9
-0.413 -1.792 4.429 11
-0.536 -1.816 4.537 9
-0.573 -1.855 4.756 13
-0.418 -1.912 5.093 7
-0.139 -1.847 5.459 16
0.184 -1.704 5.685 4
0.66 -1.559 5.952 11
0.707 -1.602 6.391 10
0.799 -1.597 6.936 13
0.923 -1.552 7.355 7
0.828 -1.721 7.769 10
0.644 -1.953 8.359 10
0.447 -2.266 8.635 10
0.301 -2.598 8.803 10
0.403 -2.943 8.898 11
0.622 -3.184 9.038 9
0.875 -3.246 8.881 10
0.968 -3.212 8.459 10
0.872 -3.072 8.076 14
0.839 -2.886 8.078 6
0.851 -2.648 8.063 12
0.793 -2.355 7.88 8
0.73 -2.042 7.506 10
0.593 -1.799 7.067 10
0.481 -1.895 6.897 10
0.296 -2.327 7.067 10
-0.152 -2.983 7.422 13
-0.751 -3.711 8.164 7
-1.383 -4.267 9.324 10
-1.733 -4.808 10.323 10
-1.859 -5.073 11.228 10
-1.771 -5.153 11.971 10
-1.725 -5.101 12.833 11
-1.808 -4.835 13.723 9
-2.108 -4.708 14.557 10
-2.831 -5.153 15.333 10
-3.508 -6.11 16.033 10
-3.594 -7.348 16.692 10
-3.265 -8.316 17.436 12
-2.509 -8.421 17.985 8
-1.816 -7.8 18.149 10
-0.887 -6.913 17.657 10
0.137 -5.936 16.674 11
0.492 -4.902 15.54 9
0.527 -3.98 14.314 13
0.639 -3.35 13.069 7
0.912 -2.96 11.751 11
1.179 -2.591 10.563 9
1.364 -2.236 9.608 11
1.32 -2.05 8.934 9
1.045 -1.872 8.607 12
0.382 -1.883 8.471 8
-0.944 -1.95 7.869 11
-1.355 -2.13 7.607 9
-1.519 -2.252 7.468 11
-1.505 -2.348 7.298 9
-1.366 -2.339 7.001 12
-1.228 -2.261 6.706 8
-1.078 -2.113 6.327 11
-0.942 -1.91 5.773 9
-0.846 -1.746 5.185 11
-0.696 -1.54 4.668 9
-0.64 -1.355 4.273 13
-0.602 -1.216 4.017 7
-0.489 -1.106 3.882 11
-0.441 -0.973 3.852 9
-0.532 -0.955 3.869 11
-0.757 -0.992 4.21 9
-1.018 -1.209 4.765 12
-1.219 -1.561 5.386 8
-1.269 -1.99 6.195 11
-1.28 -2.382 7.134 9
-1.364 -2.758 8.055 11
-1.447 -3.153 8.819 9
-1.514 -3.447 9.493 13
-1.561 -3.532 10.032 7
-1.508 -3.533 10.345 11
-1.197 -3.488 10.478 9
-0.81 -3.438 10.566 15
-0.45 -3.348 10.628 5
-0.266 -3.236 10.685 13
-0.265 -3.186 10.559 7
-0.46 -3.306 10.43 11
-0.676 -3.411 10.66 9
-0.894 -3.338 10.984 12
-1.056 -3.266 11.201 8
-1.25 -3.181 11.226 12
-1.461 -3.163 11.216 8
-1.685 -3.408 11.197 11
-1.859 -3.775 11.246 9
-1.915 -4.254 11.358 11
-1.725 -4.738 11.62 9
-1.461 -4.98 11.989 13
-1.163 -5.1 12.161 7
-0.912 -5.255 12.307 11
-0.69 -5.611 12.537 9
-0.351 -6.059 12.853 11
-0.066 -6.576 13.245 9
0.153 -7.032 13.571 14
-0.119 -6.687 13.74 7
-0.52 -5.816 13.495 10
-0.903 -4.82 13.162 9
-1.231 -3.913 12.75 11
-1.428 -3.202 12.337 9
-1.445 -2.709 11.82 12
-1.441 -2.527 11.08 8
-1.643 -2.494 10.447 11
-1.593 -2.673 10.039 10
-1.376 -2.978 9.871 10
-1.034 -3.176 9.848 9
-0.659 -3.241 9.647 13
-0.306 -3.126 9.245 8
-0.031 -2.82 8.734 10
0.081 -2.419 8.195 10
0.005 -2.024 7.61 10
-0.029 -1.713 6.934 10
0.07 -1.421 6.343 13
0.101 -1.267 5.928 7
0.104 -1.207 5.72 10
0.073 -1.18 5.64 10
0.044 -1.156 5.663 10
0.019 -1.27 5.865 10
-0.014 -1.408 6.168 11
-0.089 -1.514 6.398 9
-0.147 -1.668 6.633 10
-0.211 -1.869 7.009 10
-0.234 -1.991 7.329 10
-0.3 -2.003 7.513 10
-0.381 -2.03 7.501 12
-0.407 -2.158 7.406 8
-0.251 -2.245 7.55 10
0.0 -2.297 7.976 10
0.294 -2.385 8.237 10
0.585 -2.394 8.151 10
0.514 -2.199 7.844 13
0.601 -2.141 7.578 7
0.742 -2.178 7.565 10
0.972 -2.331 7.748 10
1.157 -2.506 7.933 15
1.223 -2.676 8.225 5
1.151 -2.887 8.702 13
1.021 -3.125 9.214 7
0.922 -3.305 9.651 10
0.654 -3.435 9.827 10
0.351 -3.526 9.77 10
-0.004 -3.56 9.585 10
-0.465 -3.967 9.78 13
-0.45 -4.224 10.354 7
-0.577 -4.329 10.877 11
-0.92 -4.54 10.986 9
-1.221 -4.841 11.077 11
-1.508 -5.014 11.337 9
-1.85 -5.252 11.827 13
-2.093 -5.383 12.503 7
-2.218 -5.282 13.171 11
-2.341 -4.981 13.504 9
-2.605 -4.81 13.433 11
-2.973 -4.975 13.331 9
-3.315 -5.454 13.363 12
-3.466 -6.002 13.643 8
-3.25 -6.557 14.075 11
-2.71 -6.858 14.707 9
-1.955 -6.709 15.187 11
-1.188 -6.127 14.92 9
-0.517 -5.512 14.121 13
0.041 -4.984 13.269 7
0.499 -4.42 12.505 11
0.818 -3.88 11.774 9
1.036 -3.487 11.052 11
1.108 -3.255 10.488 9
1.023 -3.158 10.099 13
0.757 -3.156 9.857 7
0.489 -3.121 9.655 11
0.195 -2.968 9.482 9
-0.135 -2.722 9.269 11
-0.419 -2.621 9.048 9
-0.542 -2.569 8.927 12
-0.592 -2.464 8.732 8
-0.638 -2.37 8.397 11
-0.731 -2.245 7.917 9
-0.849 -2.105 7.501 11
-0.94 -1.981 7.076 9
-1.043 -1.798 6.615 13
-1.149 -1.621 6.26 7
-1.15 -1.41 5.926 12
-1.072 -1.31 5.55 8
-0.991 -1.275 5.246 11
-0.882 -1.239 5.118 9
-0.857 -1.333 5.082 13
-1.036 -1.511 5.237 7
-1.282 -1.703 5.58 11
-1.567 -1.756 5.835 9
-1.698 -1.896 6.517 11
-1.556 -2.274 7.127 9
-1.45 -2.568 7.513 12
-1.379 -2.694 7.684 8
-1.356 -2.735 7.92 11
-1.246 -2.806 8.377 9
-1.153 -2.805 8.628 11
-1.327 -2.878 8.543 9
-1.644 -2.937 8.545 13
-1.906 -3.043 8.953 7
-1.961 -3.218 9.864 15
-1.818 -3.496 11.018 5
-1.58 -3.638 11.891 11
-1.387 -3.735 12.264 9
-1.184 -3.572 12.224 14
-1.12 -3.35 11.848 6
-0.964 -3.299 11.497 11
-0.765 -3.303 11.484 9
-0.684 -3.214 11.511 11
-0.865 -3.184 11.334 9
-1.014 -3.144 11.199 12
-1.08 -3.037 10.852 9
-1.066 -2.905 10.505 10
-1.165 -2.898 10.289 10
-1.298 -3.166 9.986 10
-1.359 -3.49 10.222 10
-1.255 -3.346 11.68 12
-1.706 -4.783 11.234 8
-1.429 -4.63 10.439 10
-1.613 -4.742 10.416 10
-1.261 -4.707 10.664 10
-0.785 -4.285 11.106 10
-0.576 -4.049 10.996 13
-0.711 -4.336 10.811 7
-0.753 -4.916 11.18 10
-0.568 -5.518 11.963 10
-0.266 -5.813 12.889 10
0.008 -6.253 13.304 10
0.508 -6.314 12.986 11
1.116 -5.693 12.633 9
1.607 -4.939 12.389 10
1.857 -4.119 11.92 10
1.761 -3.219 11.246 10
1.323 -2.382 10.605 10
0.657 -1.886 10.018 13
-0.043 -1.701 9.756 7
-0.69 -1.637 9.974 10
-1.337 -2.028 10.104 10
-1.225 -2.275 10.149 10
-0.847 -2.476 9.964 10
-0.416 -2.539 9.494 13
-0.154 -2.577 8.891 7
0.023 -2.644 8.162 10
0.146 -2.712 7.645 10
0.25 -2.733 7.337 10
0.309 -2.79 7.092 10
0.255 -2.788 7.034 11
0.169 -2.768 7.062 9
0.1 -2.718 7.174 11
0.048 -2.555 7.334 9
0.003 -2.373 7.377 11
-0.066 -2.282 7.308 9
-0.137 -2.202 7.191 17
-0.144 -2.201 7.043 3
-0.039 -2.3 7.079 11
0.116 -2.433 7.292 9
0.26 -2.546 7.469 11
0.478 -2.554 7.494 9
0.709 -2.506 7.49 13
0.93 -2.369 7.522 7
0.997 -2.145 7.413 11
0.885 -1.84 7.16 9
0.712 -1.593 6.892 11
0.609 -1.415 6.739 9
0.516 -1.292 6.6 12
0.492 -1.286 6.557 8
0.541 -1.369 6.74 11
0.566 -1.681 7.086 9
0.59 -2.057 7.518 11
0.721 -2.382 7.789 9
0.73 -2.775 8.067 14
0.727 -3.132 8.583 6
0.78 -3.394 9.175 11
0.797 -3.441 9.608 9
0.66 -3.302 9.598 11
0.268 -3.221 9.388 9
-0.084 -3.221 9.006 15
-0.367 -3.172 8.437 5
-0.638 -3.173 8.1 15
-0.969 -3.49 8.422 5
-1.358 -4.295 9.516 11
-1.732 -5.462 11.321 9
-1.921 -6.445 13.42 12
-1.995 -6.983 15.907 8
-2.206 -6.501 15.871 11
-2.723 -6.171 15.34 9
-3.794 -6.648 14.738 11
-4.975 -8.027 14.225 9
-5.51 -9.303 14.538 13
-4.889 -9.362 15.64 7
-3.556 -8.44 16.437 11
-2.363 -7.194 16.209 9
-1.542 -6.106 14.899 11
-0.755 -5.106 13.28 9
-0.074 -4.222 11.857 13
0.505 -3.565 10.746 7
0.997 -3.221 9.953 11
1.312 -3.079 9.437 9
1.286 -3.166 9.183 11
1.013 -3.375 9.304 9
0.605 -3.545 9.622 12
0.248 -3.607 9.837 8
-0.065 -3.545 9.912 11
-0.329 -3.446 9.84 9
-0.532 -3.396 9.558 11
-0.697 -3.256 9.319 9
-0.767 -3.141 8.979 13
-0.826 -3.011 8.644 7
-0.861 -2.84 8.279 11
-0.872 -2.721 7.797 9
-0.848 -2.635 7.378 11
-0.863 -2.612 7.041 9
-0.948 -2.655 6.854 14
-0.983 -2.703 6.782 7
-0.948 -2.676 6.769 10
-0.882 -2.691 6.698 9
-0.82 -2.794 6.608 11
-0.803 -2.893 6.666 10
-0.875 -2.92 6.727 11
-0.975 -2.891 6.736 9
-1.048 -2.929 6.802 10
-0.998 -2.885 6.87 10
-0.885 -2.777 6.842 10
-0.831 -2.886 6.965 10
-0.771 -3.041 7.109 12
-0.771 -3.288 7.337 8
-0.908 -3.708 7.845 10
-1.024 -4.096 8.492 10
-1.16 -4.371 9.199 10
-1.337 -4.562 10.181 10
-1.711 -4.667 10.5 13
-1.662 -4.474 10.584 7
-1.653 -4.233 10.385 14
-1.555 -4.15 10.146 6
-1.332 -4.161 10.212 10
-1.109 -4.179 10.641 10
-0.89 -3.708 11.911 11
-1.339 -4.48 10.494 9
-1.477 -4.206 9.563 10
-1.462 -3.954 9.577 10
-1.068 -3.805 9.843 10
-0.891 -3.736 10.029 10
-0.848 -3.517 9.858 12
-0.992 -3.292 9.609 8
-1.11 -3.032 9.406 10
-1.146 -2.93 9.261 10
-1.043 -2.826 9.232 10
-0.96 -2.741 9.317 10
-0.895 -2.765 9.54 13
-0.848 -2.549 9.674 7
-0.966 -2.596 9.052 11
-1.1 -2.565 8.36 9
-1.069 -2.455 8.17 12
-0.945 -2.41 8.39 8
-0.805 -2.45 8.741 12
-0.779 -2.461 8.834 8
-0.923 -2.482 8.821 11
# end
#Tue Oct 27 23:22:31 CET 2015