# Accelerometer Values
# filename:  Acelerometro__3.txt
# Saving start time: Wed Oct 21 18:59:55 CEST 2015

# sensor resolution: 5.985504E-4m/s^2
#Sensorvendor: STMicroelectronics, name: K330 3-axis Accelerometer, type: 1,version : 1, range 19.6133

# X value, Y value, Z value, time diff in ms
1.473 0.26 9.445 12
1.473 0.392 9.434 8
1.619 0.575 9.17 11
1.732 0.758 9.045 9
1.852 0.926 9.015 11
1.915 1.113 9.009 9
1.935 1.307 9.014 13
1.993 1.513 9.026 7
2.073 1.72 9.035 11
2.167 1.823 9.056 9
2.202 1.822 9.094 11
2.416 1.832 9.149 9
2.389 1.911 9.096 12
2.234 1.96 9.116 8
2.06 2.004 9.202 11
1.868 2.036 9.286 9
1.7 2.088 9.304 13
1.623 2.128 9.415 7
1.394 1.984 9.502 13
1.354 1.926 9.512 7
1.338 1.949 9.434 11
1.222 2.311 9.494 10
1.305 2.367 9.631 10
1.303 2.234 9.642 10
1.393 2.176 9.75 12
1.471 2.1 9.822 7
1.508 2.085 9.911 11
1.525 2.117 9.972 10
1.567 2.097 10.017 10
1.728 1.962 10.183 10
2.105 1.584 10.498 11
2.435 1.245 10.77 9
2.56 0.975 10.994 11
2.519 0.728 11.207 9
2.232 0.055 11.267 12
1.748 -0.794 11.318 8
1.514 -1.264 11.46 11
1.287 -1.72 11.157 9
0.864 -2.215 11.071 10
0.678 -2.506 10.857 10
0.59 -2.597 10.622 10
0.661 -2.704 10.487 10
1.038 -3.006 10.515 12
1.573 -3.601 10.474 8
1.883 -4.44 10.39 10
2.18 -4.984 10.499 10
2.647 -5.231 10.401 10
2.974 -5.371 10.567 10
3.069 -5.322 10.704 11
2.637 -5.055 10.738 9
1.83 -4.978 10.717 10
1.421 -4.854 10.577 10
1.3 -4.72 10.324 12
1.258 -4.691 10.057 8
0.973 -4.728 9.854 12
0.682 -4.792 9.767 8
0.458 -4.953 9.731 10
0.278 -5.355 9.486 10
0.0 -5.692 9.254 10
-0.017 -5.49 9.068 10
0.24 -5.093 8.906 12
0.691 -4.812 8.914 8
1.112 -4.73 8.987 11
1.345 -4.73 9.054 9
1.535 -4.599 9.14 11
1.774 -4.364 9.174 9
1.817 -4.176 9.179 12
1.732 -4.005 9.217 8
1.604 -3.896 9.21 11
1.464 -3.782 9.149 9
1.462 -3.654 9.159 12
1.473 -3.633 9.077 8
1.508 -3.527 8.963 12
1.674 -3.267 8.725 8
1.837 -2.967 8.658 11
1.896 -2.74 8.671 9
1.732 -2.543 8.642 11
1.47 -2.447 8.644 9
1.24 -2.445 8.596 13
1.034 -2.387 8.601 7
0.919 -2.26 8.635 11
0.859 -2.045 8.654 9
0.808 -1.873 8.637 11
0.725 -1.657 8.673 9
0.702 -1.383 8.686 12
0.728 -1.198 8.709 8
0.763 -1.004 8.716 11
0.823 -0.753 8.598 9
0.86 -0.491 8.449 13
0.84 -0.353 8.368 7
0.914 -0.217 8.306 13
0.986 -0.065 8.108 7
0.967 0.075 8.076 11
0.939 0.183 8.154 9
0.884 0.369 8.356 11
0.86 0.522 8.503 9
0.937 0.586 8.437 14
1.066 0.695 8.325 6
1.191 0.885 8.322 11
1.249 1.103 8.445 9
1.13 1.353 8.536 11
1.06 1.563 8.675 9
1.025 1.635 8.974 13
0.766 1.591 9.37 7
0.498 1.197 9.57 11
0.406 0.837 9.833 9
0.504 0.864 10.097 13
0.565 0.827 10.087 7
0.584 0.551 9.961 12
0.698 0.134 9.658 8
0.592 -0.46 9.359 11
0.183 -1.622 8.869 9
-0.141 -3.004 8.823 12
-0.287 -4.232 9.115 8
-0.347 -5.372 9.828 13
-0.432 -6.622 10.729 7
-0.547 -8.058 10.963 11
-0.982 -8.916 10.702 9
-1.723 -8.416 9.774 13
-1.341 -7.311 9.821 8
-0.832 -8.225 10.284 11
-0.582 -9.326 10.861 8
-0.608 -10.024 11.157 11
-0.766 -10.105 11.301 9
-0.872 -9.536 11.306 13
-1.056 -8.798 11.409 7
-1.189 -8.231 11.246 12
-1.109 -8.165 11.179 8
-1.068 -8.169 10.848 11
-1.386 -8.136 10.638 10
-1.526 -8.161 10.514 10
-1.37 -8.273 10.629 10
-1.212 -8.248 10.813 12
-1.299 -7.8 10.825 8
-1.415 -7.349 10.754 10
-1.684 -7.09 10.504 10
-1.905 -7.088 10.338 10
-1.769 -6.976 10.212 10
-1.386 -6.576 10.265 11
-1.145 -6.06 10.45 9
-1.017 -5.492 10.574 10
-0.889 -4.998 10.554 10
-0.823 -4.721 10.285 12
-0.732 -4.44 9.906 8
-0.485 -4.046 9.76 11
-0.295 -3.655 9.58 9
-0.333 -3.348 9.299 10
-0.483 -3.243 9.033 10
-0.563 -3.256 8.926 10
-0.54 -3.139 8.946 10
-0.411 -2.916 8.918 12
-0.099 -2.639 8.892 8
0.098 -2.352 9.072 10
0.168 -2.076 9.275 10
0.103 -1.808 9.323 10
-0.107 -1.58 9.197 10
-0.374 -1.361 8.935 11
-0.533 -1.253 8.759 9
-0.509 -1.211 8.696 10
-0.407 -1.063 8.771 10
-0.278 -0.837 8.662 12
-0.208 -0.61 8.543 8
-0.183 -0.383 8.421 12
-0.173 -0.183 8.452 8
-0.277 -0.023 8.564 11
-0.512 0.045 8.649 9
-0.69 0.024 8.725 10
-0.58 0.481 8.851 14
-0.302 0.893 8.683 8
-0.007 1.267 8.471 8
0.049 1.574 8.338 11
-0.08 1.78 8.283 9
-0.229 1.838 8.379 11
-0.207 1.785 8.704 9
0.063 1.7 8.848 12
0.231 1.86 8.853 8
0.145 2.038 8.765 11
-0.228 1.836 8.544 9
-0.497 1.354 8.722 12
-0.653 0.722 9.089 8
-0.748 0.189 9.217 12
-0.764 -0.16 9.251 8
-0.833 -0.581 8.99 11
-1.222 -0.908 9.141 9
-1.977 -1.042 9.052 11
-2.474 -1.233 8.924 9
-2.443 -1.749 8.325 13
-2.363 -2.917 7.717 7
-2.151 -4.377 7.927 11
-1.908 -5.914 9.074 9
-1.528 -7.311 10.207 11
-1.18 -8.266 11.278 9
-1.022 -8.824 12.299 13
-0.876 -8.958 12.643 7
-0.926 -8.626 12.864 11
-1.02 -8.163 12.792 9
-0.921 -7.565 12.801 12
-0.664 -7.15 12.855 8
-0.589 -7.143 12.808 12
-0.418 -7.217 12.368 8
-0.18 -7.14 11.65 11
-0.103 -6.729 11.382 9
-0.174 -6.65 11.052 11
-0.197 -6.59 10.931 10
-0.313 -6.212 10.655 12
-0.67 -5.929 10.304 7
-1.048 -5.948 10.338 11
-1.061 -5.947 10.375 9
-0.777 -5.651 10.12 11
-0.614 -5.386 9.972 9
-0.614 -5.233 9.964 12
-0.736 -5.143 9.804 8
-0.802 -5.157 9.582 11
-0.9 -5.075 9.639 9
-0.832 -4.969 10.127 13
-0.374 -4.751 10.286 7
0.078 -4.782 10.293 12
0.333 -4.823 10.199 11
0.431 -4.862 10.019 8
0.497 -4.768 9.815 9
0.478 -4.547 9.716 11
0.471 -4.299 9.812 9
0.38 -4.036 9.847 13
0.518 -3.828 9.679 7
0.736 -3.62 9.542 11
0.808 -3.378 9.383 9
0.638 -3.117 9.349 11
0.412 -2.91 9.408 9
0.262 -2.686 9.478 12
0.181 -2.492 9.533 8
0.177 -2.318 9.592 11
0.223 -2.14 9.432 10
0.257 -1.987 9.209 12
0.241 -1.833 8.991 8
0.308 -1.723 8.863 11
0.464 -1.486 8.842 9
0.481 -1.204 8.73 10
0.398 -0.791 8.583 10
0.14 -0.699 8.399 10
0.199 -1.082 8.029 10
0.347 -1.049 7.937 12
0.135 -0.705 8.049 8
-0.019 -0.383 8.027 10
-0.065 -0.194 7.864 10
-0.029 -0.074 7.753 10
-0.214 0.041 7.595 10
-0.462 0.175 7.323 11
-0.594 0.254 7.232 9
-0.599 0.155 7.404 10
-0.365 0.087 7.666 10
-0.051 0.123 7.827 12
0.139 0.138 8.034 8
0.085 0.098 8.158 12
-0.221 0.079 8.091 8
-0.541 0.08 7.909 10
-0.838 0.076 7.712 10
-1.104 0.145 7.779 10
-1.198 0.152 8.008 10
-1.13 0.061 8.197 14
-0.919 -0.094 8.617 6
-0.775 -0.366 8.756 10
-0.83 -0.885 8.498 10
-0.631 -2.449 8.89 11
-0.441 -3.251 10.411 9
-0.426 -3.921 11.781 14
-0.935 -4.587 12.3 6
-1.935 -5.506 11.673 11
-2.864 -6.458 10.433 12
-3.375 -6.943 9.789 9
-3.005 -7.052 9.267 8
-1.874 -6.916 9.489 12
-0.647 -7.019 10.228 8
0.602 -7.199 10.904 11
1.766 -7.351 11.143 9
2.156 -7.185 11.564 11
1.176 -6.701 11.821 9
-1.388 -5.994 11.085 12
-3.388 -5.665 9.942 8
-3.907 -5.87 9.458 11
-3.373 -6.084 9.627 9
-2.29 -6.139 9.854 11
-1.083 -6.275 9.991 9
-0.202 -6.645 10.313 12
-0.082 -6.594 10.329 8
-0.632 -6.293 10.035 11
-1.475 -6.135 9.969 9
-2.238 -6.126 9.916 12
-2.562 -5.943 9.986 8
-2.697 -5.79 10.129 12
-2.667 -5.779 9.828 8
-2.669 -5.583 9.673 11
-2.625 -5.692 9.622 9
-2.215 -5.899 9.504 11
-1.629 -5.856 9.688 9
-1.207 -5.936 9.8 13
-0.833 -5.954 9.676 7
-0.542 -5.667 9.706 11
-0.604 -5.381 9.804 9
-0.982 -5.209 10.016 11
-1.615 -5.04 10.202 9
-2.018 -4.819 10.225 12
-2.054 -5.028 10.009 8
-1.786 -5.581 9.843 11
-1.325 -5.992 10.093 9
-0.847 -5.975 10.711 13
-0.45 -5.954 11.124 7
-0.298 -6.019 11.501 12
-0.356 -6.149 11.701 8
-0.321 -5.886 11.376 11
0.301 -4.289 9.862 9
-0.001 -3.898 9.855 11
-0.63 -3.852 10.188 9
-0.971 -3.921 10.081 13
-0.816 -3.854 9.552 7
-0.32 -3.517 9.027 11
0.082 -3.171 8.807 9
-0.002 -3.192 9.068 11
-0.23 -3.856 9.745 12
-0.246 -4.178 10.843 9
-0.199 -4.624 11.34 8
-0.073 -5.029 11.598 11
0.125 -5.202 11.595 9
0.247 -5.247 11.243 13
0.21 -4.941 11.044 7
0.028 -4.562 10.894 12
-0.169 -4.298 10.711 8
-0.282 -4.036 10.317 11
-0.267 -3.591 9.746 9
-0.395 -2.943 9.196 11
-0.624 -2.41 8.659 9
-1.0 -2.109 8.2 13
-1.348 -2.123 8.106 7
-1.408 -2.27 8.217 11
-1.206 -2.358 8.428 10
-1.008 -2.512 8.931 10
-0.878 -2.662 9.475 10
-0.85 -2.996 9.737 11
-0.788 -3.414 9.841 9
-0.472 -3.548 9.752 10
-0.165 -3.418 9.714 10
-0.064 -3.275 9.494 12
0.298 -3.111 9.152 8
0.666 -3.078 9.044 11
0.772 -3.142 9.463 9
0.781 -3.139 10.273 10
0.56 -3.36 10.815 10
0.271 -3.563 10.981 10
0.363 -3.541 10.884 10
0.338 -3.581 10.928 12
0.097 -3.794 11.151 8
0.016 -3.439 11.738 10
-0.125 -2.638 13.773 10
-1.112 -3.433 15.843 15
-1.91 -5.147 16.613 5
-2.014 -4.958 10.782 11
-2.274 -3.918 5.59 9
-0.408 -2.237 4.573 10
2.212 -0.175 5.082 10
0.995 -2.035 8.52 12
-0.226 -3.858 10.815 8
-0.077 -3.945 10.843 11
0.708 -3.001 9.683 9
0.803 -2.355 8.54 10
0.47 -2.076 8.063 10
-0.231 -2.229 8.04 10
-0.893 -2.613 7.955 10
-1.073 -2.86 8.002 13
-0.769 -2.846 8.302 10
-0.463 -2.9 8.848 8
-0.311 -3.25 10.023 9
0.06 -3.064 11.168 10
0.13 -3.127 11.162 10
-0.031 -3.413 10.704 12
0.012 -3.49 10.234 8
0.041 -3.305 9.665 11
0.226 -3.086 9.269 9
0.353 -2.9 9.257 12
0.304 -2.872 9.621 8
0.15 -2.984 9.932 12
0.052 -3.087 10.016 8
0.052 -2.979 9.92 14
0.179 -2.808 9.838 7
0.271 -2.647 9.84 10
0.248 -2.671 9.922 9
0.084 -2.888 9.955 13
-0.212 -3.187 9.916 7
-0.489 -3.445 9.885 11
-0.506 -3.432 9.768 9
-0.292 -3.311 9.644 11
-0.168 -3.311 9.628 9
-0.146 -3.33 9.683 12
-0.137 -3.286 9.903 8
-0.116 -3.268 10.093 11
0.056 -3.22 10.172 9
0.216 -3.2 10.222 12
0.313 -3.163 10.107 8
0.387 -3.071 9.968 12
0.369 -2.963 9.774 8
0.325 -2.886 9.654 11
0.265 -2.767 9.64 9
0.275 -2.659 9.597 11
0.346 -2.542 9.63 9
0.44 -2.445 9.762 13
0.388 -2.485 9.917 7
0.249 -2.602 10.02 11
0.119 -2.601 10.147 9
-0.087 -2.452 10.105 11
-0.162 -2.431 10.052 9
-0.119 -2.467 9.966 12
0.076 -2.536 9.955 8
0.169 -2.619 10.054 11
0.178 -2.713 10.095 9
0.213 -2.744 10.11 13
0.277 -2.749 10.029 7
0.353 -2.734 9.9 12
0.389 -2.698 9.768 8
0.329 -2.738 9.646 11
0.407 -2.772 9.666 12
0.624 -2.827 9.758 8
0.651 -2.944 9.881 9
0.538 -3.053 9.933 13
0.399 -3.148 9.956 7
0.334 -3.093 9.986 11
0.36 -3.037 9.901 9
0.392 -3.04 9.877 11
0.376 -3.041 9.794 9
0.338 -3.022 9.794 12
0.219 -2.981 9.768 8
0.141 -2.98 9.709 11
0.129 -2.989 9.731 9
0.086 -2.971 9.704 13
0.095 -2.952 9.732 7
0.094 -2.923 9.724 12
0.016 -2.855 9.607 8
0.017 -2.788 9.529 11
0.025 -2.693 9.503 10
0.031 -2.65 9.469 10
0.029 -2.638 9.502 10
-0.032 -2.668 9.579 12
-0.062 -2.66 9.679 8
-0.038 -2.659 9.698 10
0.011 -2.639 9.672 10
0.053 -2.606 9.627 10
0.076 -2.607 9.698 10
-0.01 -2.665 9.798 11
-0.008 -2.684 9.855 9
0.017 -2.704 9.949 10
0.019 -2.771 9.977 10
0.064 -2.823 10.113 12
0.086 -2.871 10.208 8
0.171 -2.496 10.766 11
0.2 -1.984 11.3 9
-0.511 -2.973 10.348 10
-0.218 -2.886 7.996 10
0.185 -2.607 7.152 10
0.463 -2.274 8.148 10
0.299 -2.099 10.249 12
-0.277 -2.67 11.685 8
-0.522 -3.326 12.102 10
-0.274 -3.351 11.645 10
0.165 -2.999 10.508 10
0.414 -2.569 9.429 10
# end
#Wed Oct 21 18:59:59 CEST 2015