# Accelerometer Values
# filename:  Acelerometro__1.txt
# Saving start time: Fri Oct 09 14:04:47 CEST 2015

# sensor resolution: 5.985504E-4m/s^2
#Sensorvendor: STMicroelectronics, name: K330 3-axis Accelerometer, type: 1,version : 1, range 19.6133

# X value, Y value, Z value, time diff in ms
1.83 -4.465 9.083 10
1.874 -4.526 9.057 11
1.899 -4.477 9.122 9
1.936 -4.411 9.21 11
1.993 -4.327 9.162 9
2.006 -4.385 9.052 11
1.886 -4.506 8.956 9
1.871 -4.508 8.977 12
1.98 -4.495 9.039 8
2.102 -4.409 8.944 11
2.133 -4.441 9.081 10
2.178 -4.474 8.996 10
2.141 -4.526 8.929 9
2.008 -4.59 8.96 12
1.957 -4.534 8.998 8
1.887 -4.492 9.003 11
1.809 -4.478 9.0 10
1.838 -4.502 8.985 10
1.936 -4.572 8.922 9
2.046 -4.629 8.932 11
2.106 -4.665 8.823 9
2.073 -4.626 8.832 11
2.02 -4.635 8.972 10
1.975 -4.536 8.838 10
1.892 -4.495 8.937 9
1.86 -4.492 8.944 13
1.904 -4.459 8.926 7
2.027 -4.458 8.999 11
2.17 -4.426 9.001 10
2.178 -4.445 8.945 10
2.069 -4.528 8.847 9
1.991 -4.539 8.842 12
1.97 -4.486 8.978 8
2.011 -4.46 9.012 11
2.082 -4.486 9.009 10
2.106 -4.537 8.966 10
2.118 -4.531 8.934 9
2.096 -4.492 8.962 11
1.977 -4.465 8.983 9
1.908 -4.491 8.975 11
1.9 -4.524 8.95 10
1.972 -4.521 9.023 10
2.035 -4.584 8.979 9
2.069 -4.636 8.927 13
2.058 -4.648 8.954 7
2.015 -4.648 8.922 11
2.014 -4.635 8.889 10
2.053 -4.593 8.932 10
1.997 -4.493 9.009 9
2.017 -4.469 9.029 12
1.991 -4.514 9.025 8
1.998 -4.519 8.998 11
2.033 -4.539 8.944 10
2.05 -4.579 8.875 10
2.043 -4.619 8.817 9
2.017 -4.593 8.857 11
2.005 -4.623 8.87 9
2.059 -4.539 8.868 11
2.085 -4.455 8.893 10
2.11 -4.433 8.89 10
2.073 -4.444 8.887 9
2.022 -4.492 8.858 13
2.007 -4.485 8.878 7
2.114 -4.438 8.878 11
2.135 -4.432 8.886 10
2.087 -4.439 8.842 10
2.095 -4.396 8.843 9
2.143 -4.342 8.935 12
2.132 -4.356 8.952 8
2.084 -4.392 8.969 11
2.066 -4.392 8.965 10
2.085 -4.47 8.928 10
2.048 -4.535 8.838 9
2.022 -4.59 8.784 11
2.029 -4.575 8.899 9
2.041 -4.6 8.989 11
2.045 -4.594 9.053 10
2.053 -4.599 9.003 10
2.031 -4.592 8.944 10
2.014 -4.599 8.869 12
1.982 -4.587 8.866 8
1.977 -4.507 9.033 10
2.093 -4.466 9.127 10
2.152 -4.481 9.045 10
2.16 -4.53 8.977 10
2.152 -4.519 8.965 12
2.091 -4.492 8.93 8
2.038 -4.48 8.929 10
2.058 -4.452 8.953 10
2.052 -4.356 8.983 10
2.039 -4.284 8.953 10
1.988 -4.236 8.832 11
1.931 -4.175 8.734 9
1.948 -4.018 8.653 10
2.119 -3.716 8.717 11
2.153 -3.63 8.667 9
2.152 -3.561 8.568 10
2.128 -3.412 8.482 12
1.982 -3.226 8.528 8
1.972 -3.138 8.465 10
2.103 -2.997 8.417 10
2.297 -2.829 8.436 10
2.384 -2.783 8.517 10
2.412 -2.75 8.443 12
2.453 -2.668 8.274 8
2.437 -2.529 8.264 10
2.278 -2.364 8.275 12
2.07 -2.347 8.265 9
2.114 -2.34 8.351 9
2.242 -2.367 8.393 11
2.2 -2.424 8.386 9
2.188 -2.373 8.497 11
2.232 -2.252 8.539 11
2.15 -2.257 8.344 9
2.054 -2.349 8.297 9
2.27 -2.518 8.62 13
2.509 -2.577 8.742 7
2.721 -2.494 8.646 11
2.777 -2.403 8.458 11
2.343 -2.356 8.265 9
1.668 -2.252 8.324 9
1.326 -2.136 8.638 12
1.435 -2.017 8.927 8
1.833 -1.87 8.955 11
2.19 -1.745 8.729 10
2.219 -1.822 8.229 10
2.103 -1.981 8.189 9
2.181 -1.954 8.213 11
2.311 -1.941 8.355 9
2.454 -2.069 8.543 11
2.771 -1.994 8.496 10
2.874 -1.933 8.363 10
2.582 -2.382 8.258 9
2.249 -3.049 8.292 13
1.929 -3.183 7.951 7
1.298 -3.199 8.107 11
0.936 -3.563 9.03 11
1.561 -3.621 9.736 9
2.549 -3.736 9.675 9
3.418 -4.333 9.191 12
4.015 -5.079 8.676 8
3.916 -5.419 7.913 11
3.174 -5.767 8.87 12
1.824 -5.155 9.811 8
2.127 -5.349 10.296 9
2.729 -5.471 9.935 11
3.007 -5.823 9.315 9
2.925 -5.959 8.702 15
2.643 -5.984 8.359 8
2.199 -6.078 8.413 8
2.324 -6.023 8.906 9
2.769 -5.726 9.19 13
2.859 -5.405 9.149 7
2.698 -5.117 9.402 11
2.312 -4.811 9.167 10
1.848 -4.797 8.871 10
1.177 -5.259 8.754 9
0.873 -5.463 8.611 12
1.228 -5.423 8.401 8
1.673 -5.35 7.999 11
1.877 -5.239 7.936 10
1.831 -5.008 8.318 10
1.768 -4.984 8.693 9
1.447 -5.074 8.574 11
1.342 -4.944 8.451 9
1.343 -4.815 8.386 11
1.304 -4.893 8.255 12
1.614 -4.912 8.125 8
2.056 -5.036 8.321 9
1.977 -5.141 8.436 13
1.875 -4.923 8.994 7
1.887 -4.481 9.687 11
1.767 -4.244 9.907 10
1.578 -4.21 9.465 10
1.216 -4.194 8.851 9
0.937 -4.204 8.327 12
0.758 -4.377 7.92 8
0.829 -4.533 7.439 11
1.227 -4.308 7.184 12
1.617 -3.931 7.589 8
1.907 -3.56 8.259 10
1.799 -3.498 8.963 11
1.48 -3.614 9.308 9
1.15 -3.807 9.327 10
0.908 -3.928 9.139 10
0.79 -3.961 8.793 10
0.926 -3.761 8.135 10
1.088 -3.479 7.721 12
1.585 -3.037 7.599 8
1.666 -2.818 7.973 10
1.622 -2.789 8.21 11
1.519 -2.743 8.71 9
1.063 -2.801 9.056 10
0.838 -2.582 9.498 12
0.922 -2.269 10.024 8
1.384 -2.26 10.5 10
1.296 -2.39 9.719 10
0.89 -2.531 9.75 14
0.975 -2.449 9.925 6
0.987 -2.443 9.547 11
1.203 -2.468 8.807 9
1.466 -2.671 8.666 10
1.488 -3.216 8.684 10
0.824 -3.711 8.796 10
-0.174 -4.062 9.256 10
-0.496 -4.222 9.827 12
0.09 -4.48 9.914 8
1.085 -5.18 9.139 10
1.815 -6.021 8.804 10
2.19 -6.535 8.866 10
1.947 -6.788 9.27 10
1.351 -6.989 9.853 12
0.859 -7.321 10.022 8
0.733 -7.72 9.757 11
0.902 -8.007 9.003 9
1.186 -8.037 8.69 10
1.413 -8.028 8.791 10
1.59 -8.005 9.101 11
1.686 -8.038 9.364 9
1.69 -8.082 9.466 11
1.567 -8.033 9.496 9
1.619 -7.926 9.739 11
1.486 -7.583 9.96 9
1.189 -7.155 10.311 13
1.004 -6.799 10.271 7
0.936 -6.525 10.004 11
1.044 -6.263 9.756 10
1.091 -5.98 9.308 10
1.268 -5.937 8.993 9
1.41 -6.049 8.809 12
1.532 -6.081 8.347 8
1.56 -6.142 8.006 11
1.446 -6.202 7.649 10
1.406 -5.88 7.533 10
1.047 -5.407 7.854 9
0.14 -5.167 8.17 11
0.082 -5.207 8.292 9
-0.253 -4.898 8.51 11
-0.359 -5.088 8.212 10
0.158 -5.44 7.093 10
0.411 -5.541 6.588 9
0.852 -5.16 7.718 13
1.08 -4.711 8.267 7
1.146 -3.403 9.689 11
0.29 -4.926 9.412 10
-0.03 -5.342 8.19 10
0.696 -5.478 7.597 9
1.231 -5.792 6.941 12
1.285 -5.575 6.942 12
1.403 -5.092 8.745 7
1.839 -4.563 8.844 10
1.094 -4.225 7.549 10
0.841 -4.046 6.991 9
0.608 -4.069 6.988 11
0.557 -3.33 7.108 9
0.047 -3.554 7.278 11
-1.016 -3.211 6.47 11
-0.9 -3.44 5.2 9
0.054 -3.983 4.051 9
1.453 -3.852 3.303 13
2.235 -3.678 2.75 7
1.874 -3.396 3.066 11
0.597 -4.021 5.716 10
-1.648 -4.684 7.205 10
-2.508 -5.189 8.647 9
-1.842 -4.902 9.925 12
-0.252 -4.855 9.813 8
1.048 -5.289 8.573 11
1.187 -5.616 7.967 10
0.305 -6.266 8.191 10
-0.685 -6.997 8.517 9
-0.83 -8.016 7.95 11
0.389 -8.167 6.944 9
0.73 -8.779 5.79 12
-0.034 -9.448 5.125 9
-1.437 -10.69 5.5 10
-2.357 -11.492 7.01 9
-1.866 -12.003 8.242 13
0.292 -11.847 9.231 7
2.698 -11.168 10.244 11
3.115 -11.552 10.733 10
1.274 -12.254 9.451 10
-0.899 -13.132 7.442 10
-2.18 -13.122 6.142 11
-2.299 -13.101 5.8 9
-1.432 -13.004 6.537 10
-0.625 -12.925 7.918 10
-0.327 -13.131 9.17 10
-0.148 -13.451 9.767 10
-0.109 -12.607 10.457 11
-1.062 -12.722 11.795 9
-1.593 -13.286 10.944 10
-1.869 -13.375 9.539 10
-1.394 -12.491 7.604 10
-0.362 -11.662 6.162 10
0.551 -11.518 5.456 12
1.138 -11.38 5.623 8
1.884 -10.55 6.16 10
2.506 -9.844 6.468 10
2.489 -9.44 6.533 10
1.913 -9.582 6.647 10
1.163 -9.691 6.83 12
0.894 -9.188 7.223 8
1.2 -8.783 7.881 10
1.859 -8.256 8.133 10
2.263 -7.718 7.788 10
2.248 -7.328 7.108 10
2.006 -7.113 6.205 11
1.951 -6.921 5.453 9
1.865 -6.836 5.099 10
1.789 -6.987 5.504 11
1.986 -6.854 5.923 9
2.193 -6.704 6.11 10
2.214 -7.066 6.369 12
2.021 -7.217 6.842 8
1.385 -7.225 7.379 10
0.46 -7.539 7.882 11
0.117 -7.629 8.421 9
0.769 -7.161 8.951 10
1.941 -7.01 9.44 12
3.228 -7.351 8.913 8
4.168 -7.047 7.677 11
3.681 -6.766 7.198 10
3.147 -7.071 7.939 14
2.978 -7.722 8.35 6
2.392 -7.61 8.397 10
2.321 -7.562 8.799 9
1.961 -7.427 9.394 12
1.128 -7.93 10.266 8
0.599 -8.578 10.627 11
0.547 -8.137 10.536 9
0.1 -7.572 10.029 13
-0.838 -7.696 9.516 7
-1.374 -7.823 8.948 11
-1.243 -8.059 8.666 10
-0.646 -7.891 8.701 10
0.034 -7.411 8.871 9
0.444 -6.98 9.343 12
0.524 -7.138 9.866 8
0.794 -6.996 8.831 11
0.911 -6.96 7.776 10
1.296 -6.548 7.353 10
1.611 -6.287 7.904 9
1.773 -6.545 8.56 11
1.744 -6.651 9.305 9
2.258 -6.09 9.67 11
2.764 -5.897 9.194 10
2.892 -6.041 8.588 12
3.025 -6.007 8.18 7
3.084 -5.909 8.343 13
2.719 -5.991 8.674 7
2.431 -5.787 8.903 11
2.342 -5.574 9.428 10
1.968 -5.576 9.484 10
1.398 -5.735 9.359 9
0.981 -5.85 9.491 12
0.942 -5.82 9.911 8
1.207 -5.799 10.387 11
1.52 -5.733 10.387 10
1.576 -5.496 10.172 10
1.024 -5.458 10.049 9
0.244 -5.536 9.604 11
-0.454 -5.893 9.088 9
-0.51 -6.148 8.927 11
-0.07 -6.117 9.357 10
0.407 -6.065 10.345 10
0.839 -6.26 11.112 9
1.21 -6.165 11.953 13
1.214 -5.792 12.606 7
0.913 -5.676 12.915 12
0.52 -5.652 12.574 9
0.381 -5.027 11.563 10
-0.198 -5.598 10.287 9
-1.334 -6.59 8.99 12
-1.212 -6.434 8.867 8
-0.547 -5.881 8.717 11
-0.25 -6.177 8.462 10
0.023 -6.227 8.417 10
0.419 -5.389 8.703 9
0.307 -5.006 8.968 11
0.214 -4.887 8.783 9
0.433 -4.536 8.052 11
0.554 -4.449 7.074 10
0.431 -4.335 6.521 10
0.58 -4.074 7.227 9
0.376 -4.246 7.86 13
0.274 -4.422 8.163 8
0.69 -4.31 8.39 10
1.267 -3.986 8.263 10
1.679 -3.757 7.69 10
1.513 -3.501 7.248 10
1.379 -3.314 7.005 11
1.198 -3.111 7.11 9
0.818 -3.346 7.544 10
1.067 -3.311 8.006 10
1.604 -3.008 8.703 10
1.306 -3.089 9.301 10
0.76 -3.229 9.588 11
0.532 -3.359 9.642 10
0.902 -3.417 9.602 9
1.866 -3.329 9.703 12
2.681 -3.139 9.841 8
2.618 -3.377 9.797 10
2.227 -3.505 9.58 12
2.002 -3.36 9.109 8
1.855 -3.263 8.695 10
1.711 -3.095 8.143 10
1.623 -2.997 7.35 12
1.581 -2.927 7.054 8
1.417 -2.898 7.21 12
1.436 -2.808 7.739 8
1.544 -2.783 8.391 10
1.642 -2.811 9.103 10
1.691 -2.899 9.607 10
1.552 -3.019 9.681 10
1.34 -3.16 9.785 11
1.358 -3.05 10.122 9
1.736 -2.975 10.697 10
2.197 -2.814 11.336 11
2.363 -2.936 11.405 10
2.228 -3.549 10.978 9
0.415 -3.301 11.414 13
0.219 -0.548 12.221 7
0.879 -3.126 8.913 11
1.221 -4.159 5.082 10
3.183 -1.364 3.911 10
2.806 -1.531 5.146 9
2.023 -2.448 6.993 12
2.155 -2.094 9.103 8
2.436 -1.758 10.644 11
2.661 -1.748 11.401 10
2.609 -1.891 11.792 10
2.477 -1.857 11.841 9
2.358 -1.663 11.0 11
2.293 -1.807 9.399 9
2.488 -2.052 7.55 11
2.669 -2.252 6.584 10
2.525 -2.036 6.995 10
0.572 -1.439 9.87 9
0.471 -0.972 10.416 13
1.501 -1.408 9.594 7
2.038 -1.439 8.605 11
2.741 -0.824 9.235 10
2.316 -0.29 9.533 10
1.927 -0.53 9.43 9
2.264 -0.864 7.081 12
1.916 -0.864 5.504 8
1.795 -0.998 7.788 11
2.51 -0.274 9.491 14
3.013 -0.287 10.348 6
3.463 -0.347 11.372 9
3.853 -0.168 11.174 11
3.999 -0.711 10.425 9
4.445 -1.601 9.307 11
5.105 -1.511 8.557 10
5.307 -0.651 8.665 10
4.58 -0.631 9.056 9
3.855 -0.979 8.978 13
3.803 -1.101 8.464 7
4.583 -1.378 7.759 11
5.549 -1.32 7.267 12
5.713 -1.134 7.612 8
4.96 -1.209 8.334 9
4.08 -1.132 8.604 12
3.75 -1.166 8.353 8
3.796 -1.116 7.575 11
3.386 -1.057 7.252 11
2.673 -1.133 8.054 9
2.312 -1.194 8.816 9
2.68 -1.325 8.804 11
3.363 -1.087 8.449 9
3.711 -0.808 8.291 11
3.476 -0.834 8.288 11
3.342 -1.127 8.213 9
4.117 -1.504 8.218 9
5.594 -1.143 8.277 13
6.487 -0.235 8.661 7
5.963 -0.253 9.184 11
5.261 -0.514 9.291 12
5.148 -0.387 8.888 8
5.324 -0.521 8.211 9
5.607 -0.611 7.683 12
5.725 -0.495 7.79 8
5.498 -0.542 8.543 11
4.97 -0.917 9.311 10
4.617 -1.08 9.367 10
3.897 -1.96 8.865 10
4.096 -2.282 8.586 11
4.525 -2.497 8.561 9
4.742 -2.716 8.82 10
4.672 -3.153 9.031 10
4.705 -3.472 9.033 10
4.949 -3.494 9.032 10
4.656 -3.177 9.126 12
3.56 -2.789 9.233 8
2.286 -2.663 8.774 10
1.514 -2.483 7.572 10
1.592 -2.588 6.221 10
2.349 -3.033 5.039 14
3.412 -3.225 4.381 8
4.038 -3.214 4.745 8
4.387 -2.879 5.688 10
4.423 -2.771 7.375 10
3.946 -2.823 9.407 10
3.726 -2.774 10.942 10
4.0 -2.652 11.753 11
4.238 -2.659 12.009 9
4.453 -2.71 11.939 11
4.506 -2.59 11.83 9
4.321 -2.224 11.616 10
4.129 -1.861 11.174 10
3.925 -1.599 10.731 12
3.535 -1.499 10.178 8
3.18 -1.283 9.445 11
2.798 -1.17 8.829 9
2.507 -1.323 8.179 10
2.537 -1.533 7.614 10
2.928 -1.684 7.776 12
3.47 -1.576 8.37 8
3.867 -1.447 9.269 10
3.934 -1.491 10.243 10
3.652 -1.693 11.011 10
3.4 -1.968 11.386 10
3.475 -2.333 11.22 11
3.974 -2.408 10.891 9
4.411 -2.227 10.839 11
4.216 -2.167 11.012 9
3.746 -2.394 11.163 11
3.564 -2.618 10.978 9
3.751 -2.671 10.494 13
4.042 -2.51 10.002 7
4.086 -2.547 9.808 11
3.882 -2.715 9.895 10
3.761 -2.803 9.654 10
3.783 -2.86 9.389 9
3.306 -3.169 9.475 12
3.456 -3.069 9.472 8
3.681 -2.804 9.775 11
3.679 -3.011 10.084 10
3.756 -3.057 10.279 10
3.867 -3.047 10.581 9
3.737 -3.179 11.02 11
3.375 -3.32 11.405 9
3.178 -3.265 11.362 11
3.154 -3.248 11.257 10
2.992 -3.155 11.335 10
2.922 -2.995 11.17 9
2.81 -2.717 10.612 13
2.457 -2.594 10.254 11
2.113 -2.47 10.022 7
2.063 -2.296 9.642 10
2.098 -2.185 9.249 10
2.054 -2.001 8.838 9
1.792 -1.791 8.637 12
1.344 -1.58 8.782 8
1.111 -1.442 8.91 11
1.346 -1.453 8.789 10
1.889 -1.629 8.625 10
2.264 -1.7 8.577 9
2.204 -1.726 8.969 11
1.977 -1.558 9.375 9
1.66 -1.284 9.66 11
1.262 -1.219 9.771 10
1.143 -1.349 9.617 10
1.446 -1.523 9.482 9
2.142 -1.385 9.267 13
2.664 -1.23 9.01 7
2.844 -1.248 9.02 11
2.781 -1.238 9.058 10
2.452 -1.313 8.835 10
2.346 -1.216 8.804 9
2.239 -1.376 9.027 12
2.237 -1.468 9.37 8
2.336 -1.255 9.563 11
2.583 -0.939 9.348 10
2.24 -1.675 9.467 10
2.021 -1.89 9.408 9
2.267 -1.627 9.57 11
2.349 -1.567 10.019 9
3.015 -0.654 11.095 11
3.672 -1.377 10.705 10
4.486 -1.253 9.778 10
4.264 -1.439 9.134 9
3.558 -1.841 8.631 13
3.532 -1.465 8.145 7
3.725 -0.877 7.915 11
3.754 -0.791 8.13 10
3.839 -0.965 8.784 10
3.794 -1.084 9.246 9
3.673 -1.092 9.765 12
3.345 -1.103 10.213 8
3.122 -0.967 10.53 11
3.162 -1.134 10.357 10
# end
#Fri Oct 09 14:04:53 CEST 2015