BioWare Version 5.2.1.3 Export
Device:	Kistler Grande2 9287CA	Kistler Grande2 9287CA
Samples (#):	500	500
Rate (Hz):	50.000000	50.000000
Contact period start (sample #):	0	0
Contact period end (sample #):	499	499
Contact period start time (s):	0.000000	0.000000
Contact period end time (s):	9.980000	9.980000
First sample time (s):	0.000000	0.000000
Normalized force (N):	777.645752	777.645752
Normalized length (m):	1.000000	1.000000
File Information
Date	Nov 04, 2013  13:46:47
Name	
ID	
Classification	
Description	
abs time (s)	Ax	Ay
	m	m
0.000000	0.024851	0.007395
0.020000	0.024018	0.008283
0.040000	0.023421	0.009472
0.060000	0.023255	0.010668
0.080000	0.023349	0.011746
0.100000	0.023642	0.012152
0.120000	0.024221	0.012323
0.140000	0.024362	0.012757
0.160000	0.024503	0.012979
0.180000	0.024437	0.013087
0.200000	0.024070	0.012738
0.220000	0.023411	0.012015
0.240000	0.022198	0.010795
0.260000	0.021130	0.009474
0.280000	0.019388	0.008133
0.300000	0.018996	0.006023
0.320000	0.019671	0.002901
0.340000	0.019491	-0.000633
0.360000	0.018259	-0.004079
0.380000	0.015715	-0.006755
0.400000	0.012415	-0.009045
0.420000	0.008374	-0.010962
0.440000	0.003845	-0.011796
0.460000	0.000469	-0.011565
0.480000	-0.002347	-0.010106
0.500000	-0.004682	-0.008014
0.520000	-0.005535	-0.005639
0.540000	-0.004224	-0.002957
0.560000	-0.000720	-0.000808
0.580000	0.003365	-0.000252
0.600000	0.007114	-0.000948
0.620000	0.010732	-0.002725
0.640000	0.014494	-0.004922
0.660000	0.017781	-0.006970
0.680000	0.020636	-0.008729
0.700000	0.022909	-0.010110
0.720000	0.024249	-0.010817
0.740000	0.023855	-0.010436
0.760000	0.022215	-0.009258
0.780000	0.020571	-0.007599
0.800000	0.019244	-0.005714
0.820000	0.017869	-0.003350
0.840000	0.016655	-0.000746
0.860000	0.015419	0.001937
0.880000	0.015009	0.003789
0.900000	0.013888	0.004622
0.920000	0.012678	0.004683
0.940000	0.011020	0.004136
0.960000	0.009109	0.003668
0.980000	0.007730	0.003012
1.000000	0.006941	0.001981
1.020000	0.006572	0.000812
1.040000	0.007288	-0.001043
1.060000	0.008078	-0.003247
1.080000	0.007575	-0.005080
1.100000	0.005850	-0.005977
1.120000	0.004435	-0.006187
1.140000	0.003011	-0.006118
1.160000	0.001782	-0.005210
1.180000	0.001484	-0.003831
1.200000	0.001869	-0.002461
1.220000	0.002389	-0.000404
1.240000	0.003358	0.001991
1.260000	0.003970	0.004187
1.280000	0.003594	0.006569
1.300000	0.002420	0.007891
1.320000	0.001418	0.008101
1.340000	0.000956	0.007859
1.360000	0.000981	0.007465
1.380000	0.002605	0.007018
1.400000	0.006316	0.005577
1.420000	0.011323	0.002980
1.440000	0.014071	0.000357
1.460000	0.014993	-0.001745
1.480000	0.015197	-0.003067
1.500000	0.014050	-0.002404
1.520000	0.012651	-0.001052
1.540000	0.011696	0.000908
1.560000	0.011596	0.002119
1.580000	0.011981	0.002263
1.600000	0.012494	0.001458
1.620000	0.013766	-0.000199
1.640000	0.015711	-0.002719
1.660000	0.016666	-0.004979
1.680000	0.015690	-0.006386
1.700000	0.013905	-0.006252
1.720000	0.013297	-0.005694
1.740000	0.013514	-0.005543
1.760000	0.013970	-0.005947
1.780000	0.014158	-0.007077
1.800000	0.014429	-0.008968
1.820000	0.014378	-0.010882
1.840000	0.013316	-0.012773
1.860000	0.012607	-0.013616
1.880000	0.011957	-0.013160
1.900000	0.010105	-0.011292
1.920000	0.007743	-0.008262
1.940000	0.006145	-0.004483
1.960000	0.006484	0.000391
1.980000	0.008955	0.005214
2.000000	0.012804	0.008416
2.020000	0.016066	0.009166
2.040000	0.017040	0.008513
2.060000	0.016569	0.007186
2.080000	0.015888	0.006526
2.100000	0.015844	0.006766
2.120000	0.016044	0.007697
2.140000	0.016187	0.009073
2.160000	0.016421	0.010408
2.180000	0.016956	0.010941
2.200000	0.018122	0.011098
2.220000	0.019959	0.010959
2.240000	0.022776	0.010753
2.260000	0.026152	0.010441
2.280000	0.029690	0.009870
2.300000	0.032765	0.009565
2.320000	0.034662	0.009264
2.340000	0.036904	0.007811
2.360000	0.039120	0.004758
2.380000	0.039125	0.001021
2.400000	0.035752	-0.000774
2.420000	0.031165	-0.000947
2.440000	0.027393	0.001018
2.460000	0.025306	0.003600
2.480000	0.024130	0.005592
2.500000	0.024118	0.006366
2.520000	0.024409	0.005603
2.540000	0.024461	0.003578
2.560000	0.025300	0.000794
2.580000	0.027274	-0.003253
2.600000	0.027610	-0.007626
2.620000	0.026263	-0.011590
2.640000	0.024393	-0.014522
2.660000	0.022448	-0.016805
2.680000	0.020161	-0.017970
2.700000	0.017380	-0.018243
2.720000	0.014604	-0.017653
2.740000	0.012600	-0.016790
2.760000	0.010734	-0.016248
2.780000	0.008993	-0.015807
2.800000	0.007465	-0.015403
2.820000	0.005919	-0.015860
2.840000	0.005329	-0.016108
2.860000	0.005140	-0.016068
2.880000	0.004548	-0.015206
2.900000	0.003365	-0.013674
2.920000	0.001701	-0.011163
2.940000	-0.000381	-0.008183
2.960000	-0.003112	-0.004961
2.980000	-0.005485	-0.002410
3.000000	-0.006992	-0.001028
3.020000	-0.008048	-0.000998
3.040000	-0.008783	-0.001909
3.060000	-0.009032	-0.003803
3.080000	-0.009162	-0.006467
3.100000	-0.010894	-0.009395
3.120000	-0.013316	-0.011600
3.140000	-0.015747	-0.012320
3.160000	-0.018127	-0.011400
3.180000	-0.021451	-0.009615
3.200000	-0.024387	-0.007305
3.220000	-0.027400	-0.004696
3.240000	-0.030032	-0.002174
3.260000	-0.031987	-0.000500
3.280000	-0.033317	0.000698
3.300000	-0.034788	0.001745
3.320000	-0.036007	0.002883
3.340000	-0.036704	0.004217
3.360000	-0.037311	0.005277
3.380000	-0.036940	0.006303
3.400000	-0.035523	0.006868
3.420000	-0.033589	0.007527
3.440000	-0.031490	0.007346
3.460000	-0.029843	0.006298
3.480000	-0.027659	0.003906
3.500000	-0.023127	-0.000765
3.520000	-0.017585	-0.006402
3.540000	-0.012642	-0.011724
3.560000	-0.010061	-0.015627
3.580000	-0.009403	-0.017731
3.600000	-0.010652	-0.018439
3.620000	-0.013182	-0.017170
3.640000	-0.016993	-0.014471
3.660000	-0.020783	-0.011100
3.680000	-0.023892	-0.008116
3.700000	-0.026314	-0.005338
3.720000	-0.027883	-0.003073
3.740000	-0.028461	-0.001217
3.760000	-0.028303	0.000124
3.780000	-0.027802	0.000652
3.800000	-0.027041	0.001330
3.820000	-0.026219	0.002356
3.840000	-0.025706	0.004215
3.860000	-0.024703	0.006232
3.880000	-0.022989	0.008097
3.900000	-0.021483	0.009358
3.920000	-0.020655	0.009885
3.940000	-0.019768	0.009363
3.960000	-0.018089	0.007949
3.980000	-0.014402	0.005226
4.000000	-0.008129	0.001054
4.020000	-0.002506	-0.003328
4.040000	-0.000574	-0.007014
4.060000	-0.002509	-0.008520
4.080000	-0.005441	-0.007977
4.100000	-0.007738	-0.006203
4.120000	-0.008932	-0.003394
4.140000	-0.008922	-0.000620
4.160000	-0.007339	0.001454
4.180000	-0.005078	0.002317
4.200000	-0.002069	0.001286
4.220000	0.002379	-0.001599
4.240000	0.007659	-0.004904
4.260000	0.011582	-0.008097
4.280000	0.014231	-0.010308
4.300000	0.015301	-0.011160
4.320000	0.013538	-0.009925
4.340000	0.010198	-0.007209
4.360000	0.007302	-0.003571
4.380000	0.005085	0.000096
4.400000	0.003880	0.003973
4.420000	0.004831	0.007391
4.440000	0.007352	0.009752
4.460000	0.010158	0.011024
4.480000	0.013259	0.011486
4.500000	0.016142	0.012069
4.520000	0.018089	0.012911
4.540000	0.019048	0.013578
4.560000	0.018684	0.013986
4.580000	0.017423	0.013619
4.600000	0.016622	0.012206
4.620000	0.017421	0.009769
4.640000	0.016865	0.007534
4.660000	0.015087	0.006340
4.680000	0.013262	0.006595
4.700000	0.011805	0.007954
4.720000	0.011647	0.009203
4.740000	0.012063	0.009454
4.760000	0.013374	0.008898
4.780000	0.015591	0.006699
4.800000	0.018831	0.002183
4.820000	0.021093	-0.003163
4.840000	0.021474	-0.008375
4.860000	0.020539	-0.012816
4.880000	0.019380	-0.016904
4.900000	0.018739	-0.020303
4.920000	0.018461	-0.022472
4.940000	0.018521	-0.023430
4.960000	0.018892	-0.023659
4.980000	0.019549	-0.023424
5.000000	0.020215	-0.023516
5.020000	0.020398	-0.023672
5.040000	0.019678	-0.024058
5.060000	0.017822	-0.024750
5.080000	0.015222	-0.025494
5.100000	0.012790	-0.026382
5.120000	0.011018	-0.026325
5.140000	0.009468	-0.025729
5.160000	0.007712	-0.025040
5.180000	0.006040	-0.024276
5.200000	0.004040	-0.024010
5.220000	0.001360	-0.023902
5.240000	-0.001697	-0.023817
5.260000	-0.003971	-0.023741
5.280000	-0.005746	-0.022632
5.300000	-0.008391	-0.020225
5.320000	-0.011960	-0.017109
5.340000	-0.015791	-0.013383
5.360000	-0.019325	-0.009114
5.380000	-0.022265	-0.004975
5.400000	-0.023885	-0.000812
5.420000	-0.023824	0.002971
5.440000	-0.023255	0.005917
5.460000	-0.023802	0.008084
5.480000	-0.025484	0.008949
5.500000	-0.026900	0.009040
5.520000	-0.027541	0.008885
5.540000	-0.027015	0.008988
5.560000	-0.024955	0.009459
5.580000	-0.020947	0.010717
5.600000	-0.015184	0.012980
5.620000	-0.010853	0.015326
5.640000	-0.010931	0.016531
5.660000	-0.014778	0.015840
5.680000	-0.019950	0.013471
5.700000	-0.023724	0.011172
5.720000	-0.024796	0.009182
5.740000	-0.023232	0.007470
5.760000	-0.018758	0.005186
5.780000	-0.011575	0.001594
5.800000	-0.007016	-0.002756
5.820000	-0.007221	-0.007279
5.840000	-0.011979	-0.010319
5.860000	-0.017367	-0.010947
5.880000	-0.022204	-0.009094
5.900000	-0.026288	-0.006031
5.920000	-0.029421	-0.002456
5.940000	-0.032376	0.000377
5.960000	-0.034854	0.002050
5.980000	-0.035927	0.002559
6.000000	-0.035695	0.001395
6.020000	-0.033201	-0.001490
6.040000	-0.028961	-0.005853
6.060000	-0.026594	-0.009295
6.080000	-0.026210	-0.010717
6.100000	-0.026116	-0.010287
6.120000	-0.025726	-0.009376
6.140000	-0.024974	-0.009237
6.160000	-0.025191	-0.009910
6.180000	-0.026132	-0.010700
6.200000	-0.027348	-0.011738
6.220000	-0.028187	-0.012708
6.240000	-0.029012	-0.013405
6.260000	-0.029619	-0.013492
6.280000	-0.029937	-0.012807
6.300000	-0.030763	-0.010938
6.320000	-0.032671	-0.008578
6.340000	-0.034961	-0.005899
6.360000	-0.037200	-0.004041
6.380000	-0.038620	-0.003857
6.400000	-0.039129	-0.005011
6.420000	-0.038953	-0.007097
6.440000	-0.038396	-0.009122
6.460000	-0.037868	-0.010623
6.480000	-0.037106	-0.011539
6.500000	-0.036220	-0.011437
6.520000	-0.034819	-0.011131
6.540000	-0.031963	-0.011084
6.560000	-0.028376	-0.011658
6.580000	-0.026074	-0.011821
6.600000	-0.025215	-0.011328
6.620000	-0.026292	-0.009867
6.640000	-0.028157	-0.007951
6.660000	-0.030639	-0.006076
6.680000	-0.033758	-0.004222
6.700000	-0.036999	-0.002620
6.720000	-0.039725	-0.001559
6.740000	-0.041630	-0.001011
6.760000	-0.042443	-0.000905
6.780000	-0.042278	-0.001610
6.800000	-0.040588	-0.003275
6.820000	-0.036620	-0.006520
6.840000	-0.029265	-0.010593
6.860000	-0.020173	-0.015065
6.880000	-0.013078	-0.019645
6.900000	-0.009375	-0.023014
6.920000	-0.008518	-0.023525
6.940000	-0.009304	-0.020407
6.960000	-0.009849	-0.014665
6.980000	-0.010143	-0.006062
7.000000	-0.012021	0.003524
7.020000	-0.016084	0.008774
7.040000	-0.021722	0.009735
7.060000	-0.027372	0.008577
7.080000	-0.032045	0.007782
7.100000	-0.035083	0.008275
7.120000	-0.035430	0.009503
7.140000	-0.030695	0.010404
7.160000	-0.023699	0.013096
7.180000	-0.020952	0.015291
7.200000	-0.023152	0.015639
7.220000	-0.027359	0.013948
7.240000	-0.029686	0.012052
7.260000	-0.028717	0.010570
7.280000	-0.024732	0.009948
7.300000	-0.018714	0.009577
7.320000	-0.014351	0.009528
7.340000	-0.013705	0.010025
7.360000	-0.014444	0.011153
7.380000	-0.014232	0.013595
7.400000	-0.011796	0.016754
7.420000	-0.007028	0.020045
7.440000	-0.000722	0.023087
7.460000	0.005563	0.025632
7.480000	0.010679	0.026680
7.500000	0.014146	0.027049
7.520000	0.016547	0.027232
7.540000	0.018429	0.027232
7.560000	0.018950	0.027351
7.580000	0.018636	0.027014
7.600000	0.018975	0.026470
7.620000	0.019300	0.025684
7.640000	0.017469	0.024581
7.660000	0.013592	0.023519
7.680000	0.008261	0.022545
7.700000	0.002545	0.021693
7.720000	-0.002531	0.021225
7.740000	-0.005940	0.021048
7.760000	-0.007906	0.020704
7.780000	-0.009045	0.019967
7.800000	-0.009486	0.018344
7.820000	-0.008138	0.015646
7.840000	-0.004380	0.011117
7.860000	-0.000874	0.005491
7.880000	0.002297	-0.000200
7.900000	0.004965	-0.004820
7.920000	0.007099	-0.007893
7.940000	0.007236	-0.009813
7.960000	0.005098	-0.011238
7.980000	0.002012	-0.012528
8.000000	-0.001604	-0.013425
8.020000	-0.005407	-0.013800
8.040000	-0.008121	-0.013765
8.060000	-0.009103	-0.013581
8.080000	-0.008039	-0.012784
8.100000	-0.005642	-0.012475
8.120000	-0.003753	-0.012341
8.140000	-0.003409	-0.012222
8.160000	-0.004965	-0.011752
8.180000	-0.007670	-0.010289
8.200000	-0.010850	-0.007916
8.220000	-0.013168	-0.005476
8.240000	-0.013388	-0.003274
8.260000	-0.012377	-0.001653
8.280000	-0.012638	-0.000669
8.300000	-0.014796	0.000257
8.320000	-0.018269	0.001428
8.340000	-0.021538	0.003359
8.360000	-0.022966	0.006599
8.380000	-0.020863	0.010378
8.400000	-0.015684	0.014482
8.420000	-0.009920	0.017936
8.440000	-0.005498	0.019917
8.460000	-0.002847	0.020533
8.480000	-0.000718	0.020668
8.500000	0.001883	0.020524
8.520000	0.004713	0.019962
8.540000	0.004789	0.019268
8.560000	0.002499	0.018285
8.580000	-0.001028	0.016956
8.600000	-0.003650	0.015144
8.620000	-0.005326	0.013415
8.640000	-0.006471	0.012624
8.660000	-0.006968	0.012821
8.680000	-0.006367	0.014128
8.700000	-0.004135	0.015712
8.720000	0.000700	0.016931
8.740000	0.007064	0.017826
8.760000	0.013174	0.018863
8.780000	0.018013	0.020152
8.800000	0.021160	0.021631
8.820000	0.023736	0.022637
8.840000	0.026999	0.023197
8.860000	0.031274	0.023326
8.880000	0.035645	0.023085
8.900000	0.039923	0.022573
8.920000	0.042268	0.021727
8.940000	0.042075	0.020555
8.960000	0.041230	0.018452
8.980000	0.040097	0.015854
9.000000	0.036795	0.013555
9.020000	0.032579	0.012608
9.040000	0.028716	0.012591
9.060000	0.025606	0.012994
9.080000	0.023538	0.012761
9.100000	0.022145	0.011609
9.120000	0.021581	0.009347
9.140000	0.022936	0.006238
9.160000	0.024546	0.003043
9.180000	0.025650	-0.000550
9.200000	0.026717	-0.003690
9.220000	0.027363	-0.006138
9.240000	0.027849	-0.007439
9.260000	0.027667	-0.007541
9.280000	0.025559	-0.007200
9.300000	0.021307	-0.006564
9.320000	0.016059	-0.005795
9.340000	0.011042	-0.005393
9.360000	0.007321	-0.005166
9.380000	0.004959	-0.005207
9.400000	0.003379	-0.005222
9.420000	0.001421	-0.005008
9.440000	-0.001573	-0.003526
9.460000	-0.004402	-0.001606
9.480000	-0.006630	0.000745
9.500000	-0.008203	0.002863
9.520000	-0.009186	0.003997
9.540000	-0.008837	0.004799
9.560000	-0.006234	0.005788
9.580000	-0.000997	0.005981
9.600000	0.005825	0.005535
9.620000	0.012202	0.004644
9.640000	0.015613	0.002668
9.660000	0.015069	-0.000269
9.680000	0.011593	-0.002420
9.700000	0.008826	-0.003525
9.720000	0.009155	-0.004016
9.740000	0.010682	-0.004376
9.760000	0.012306	-0.004794
9.780000	0.013839	-0.005987
9.800000	0.014681	-0.007778
9.820000	0.015202	-0.009574
9.840000	0.015770	-0.010972
9.860000	0.016778	-0.012017
9.880000	0.018394	-0.012438
9.900000	0.020556	-0.012305
9.920000	0.023795	-0.011720
9.940000	0.027585	-0.010776
9.960000	0.029632	-0.010159
9.980000	0.029701	-0.010902
